HalfMoon/HT_Elevation.asc
ncols        257
nrows        453
xllcorner    1490766.300159812905
yllcorner    2106917.908129317686
cellsize     32.234250911049
NODATA_value  -3.4028230607370965251e+38
[rows 19 to 37 of 453, columns 86 to 128 of 257]
330.6895751953125 325.255523681640625 322.425994873046875 318.143218994140625 315.727630615234375 320.280975341796875 315.492767333984375 311.8028564453125 309.624298095703125 306.459869384765625 311.234619140625 308.98681640625 304.972991943359375 303.868194580078125 302.71221923828125 309.013671875 307.9261474609375 304.4112548828125 303.318634033203125 301.720458984375 300.640838623046875 299.161376953125 298.26556396484375 293.56072998046875 292.804412841796875 289.641204833984375 287.850860595703125 287.319061279296875 286.1195068359375 286.31219482421875 285.639404296875 284.310272216796875 283.98284912109375 283.732269287109375 282.6109619140625 282.560760498046875 281.878692626953125 284.960052490234375 286.150604248046875 288.295928955078125 288.554107666015625 292.3555908203125 295.1138916015625
333.85968017578125 329.326141357421875 329.2216796875 328.653472900390625 323.94561767578125 332.55963134765625 330.4227294921875 324.5791015625 320.630828857421875 316.74835205078125 323.952911376953125 320.946197509765625 316.701995849609375 314.7891845703125 313.6019287109375 321.479156494140625 318.207061767578125 314.823577880859375 308.883514404296875 306.954254150390625 309.794769287109375 302.672119140625 302.931976318359375 304.08758544921875 298.432037353515625 305.89453125 294.110321044921875 287.414947509765625 286.77252197265625 285.6434326171875 285.605255126953125 284.97528076171875 284.064483642578125 283.2607421875 282.532867431640625 282.124298095703125 282.35791015625 287.143585205078125 288.446685791015625 289.057464599609375 291.487579345703125 294.9913330078125 297.088897705078125
336.78607177734375 336.137603759765625 336.75 337.44268798828125 337.591552734375 346.5125732421875 344.835906982421875 343.409637451171875 334.7127685546875 330.30267333984375 337.249542236328125 334.3978271484375 331.742584228515625 329.55780029296875 328.263885498046875 340.12744140625 329.477752685546875 324.550140380859375 320.42547607421875 313.771331787109375 312.436859130859375 306.882049560546875 310.59991455078125 313.9459228515625 310.153900146484375 311.706573486328125 301.41973876953125 286.271636962890625 286.679962158203125 285.58453369140625 285.030792236328125 284.2296142578125 284.1131591796875 283.661895751953125 283.38397216796875 282.736083984375 286.299530029296875 287.640472412109375 290.320526123046875 291.4158935546875 292.68109130859375 298.4395751953125 299.984100341796875
342.53741455078125 343.37359619140625 344.40570068359375 346.8865966796875 348.489166259765625 359.413543701171875 358.647491455078125 358.651885986328125 349.2734375 345.2911376953125 355.231353759765625 348.499237060546875 345.702880859375 344.032257080078125 343.91204833984375 354.935943603515625 348.00811767578125 335.29327392578125 330.13079833984375 320.42755126953125 312.06591796875 309.880279541015625 317.94647216796875 322.65087890625 326.3677978515625 299.283172607421875 288.536773681640625 285.718963623046875 284.8016357421875 284.491546630859375 284.188873291015625 284.1407470703125 284.0152587890625 283.69268798828125 282.736083984375 282.736083984375 287.788482666015625 289.29754638671875 290.916900634765625 293.50494384765625 294.838958740234375 299.143890380859375 302.746368408203125
346.9580078125 350.20367431640625 352.92901611328125 355.06390380859375 358.721282958984375 368.86181640625 370.129119873046875 369.971771240234375 364.648651123046875 358.6021728515625 364.686370849609375 362.740966796875 359.3436279296875 358.39105224609375 358.4254150390625 367.12811279296875 359.98443603515625 345.057281494140625 339.087005615234375 332.667449951171875 314.301971435546875 315.53839111328125 319.97161865234375 327.7568359375 319.408935546875 297.226348876953125 285.749847412109375 285.922027587890625 284.92352294921875 284.761474609375 284.36224365234375 284.095245361328125 284.299774169921875 283.7333984375 282.7578125 285.642730712890625 287.56219482421875 290.6412353515625 292.49664306640625 295.441253662109375 297.094696044921875 301.28265380859375 305.275054931640625
355.169921875 356.1683349609375 360.589935302734375 364.20819091796875 368.66522216796875 375.504638671875 376.519683837890625 373.221649169921875 370.470367431640625 368.3145751953125 368.426666259765625 368.62542724609375 368.806427001953125 369.05517578125 369.60650634765625 374.0380859375 367.50726318359375 360.355377197265625 345.353912353515625 335.04693603515625 321.045562744140625 322.5478515625 326.40130615234375 326.85577392578125 308.263885498046875 287.15850830078125 285.384674072265625 284.865570068359375 284.829559326171875 284.598114013671875 284.4197998046875 284.525604248046875 283.130828857421875 282.83355712890625 282.7578125 287.96466064453125 288.119659423828125 291.7552490234375 293.91265869140625 295.4217529296875 299.214630126953125 303.764007568359375 306.17413330078125
360.6292724609375 362.128265380859375 367.350311279296875 370.228179931640625 375.653167724609375 376.315643310546875 374.328582763671875 371.47381591796875 367.9232177734375 367.762664794921875 368.849609375 372.2041015625 373.219146728515625 376.5345458984375 376.6949462890625 376.98980712890625 366.794708251953125 361.14208984375 353.786865234375 332.750579833984375 325.44268798828125 327.340606689453125 327.46063232421875 319.09771728515625 297.212982177734375 285.507080078125 285.123138427734375 285.175323486328125 285.258819580078125 284.690032958984375 284.264984130859375 283.130828857421875 283.5941162109375 282.849029541015625 284.62225341796875 287.93597412109375 288.89019775390625 290.94970703125 295.178497314453125 297.872314453125 301.916778564453125 306.434539794921875 308.75677490234375
365.749114990234375 367.8349609375 370.52825927734375 374.4698486328125 374.96795654296875 374.326629638671875 368.10577392578125 366.49755859375 365.206878662109375 367.09381103515625 368.957763671875 374.914093017578125 377.08099365234375 378.854339599609375 381.032684326171875 375.781768798828125 369.7626953125 356.332275390625 348.727569580078125 345.55609130859375 330.708221435546875 331.28460693359375 321.2584228515625 309.540252685546875 297.04779052734375 285.05023193359375 285.05023193359375 285.173187255859375 284.7901611328125 284.660430908203125 284.5445556640625 283.860931396484375 284.223114013671875 285.427093505859375 286.552764892578125 289.0338134765625 291.5218505859375 293.47039794921875 295.5225830078125 299.993255615234375 304.2667236328125 306.707183837890625 311.092742919921875
365.080535888671875 370.574249267578125 373.0555419921875 373.893646240234375 369.31036376953125 366.836883544921875 362.633056640625 362.01165771484375 362.490447998046875 366.764312744140625 370.08563232421875 374.090667724609375 379.271514892578125 381.31787109375 381.9775390625 374.59625244140625 368.466094970703125 359.6767578125 347.438201904296875 340.38958740234375 332.741119384765625 327.456207275390625 320.049072265625 298.398773193359375 285.58587646484375 286.04388427734375 285.071868896484375 285.05023193359375 285.098175048828125 284.598846435546875 283.860931396484375 283.89080810546875 283.860931396484375 286.894927978515625 290.026397705078125 291.336181640625 292.754852294921875 295.91650390625 297.847015380859375 299.899444580078125 306.200958251953125 308.669158935546875 313.8563232421875
361.58624267578125 364.460174560546875 368.659637451171875 369.447998046875 360.336517333984375 358.75445556640625 358.257080078125 360.063201904296875 362.266326904296875 365.93719482421875 371.54522705078125 375.15838623046875 377.92950439453125 384.21319580078125 381.53955078125 372.95098876953125 365.96630859375 357.27130126953125 343.51202392578125 339.3154296875 335.653900146484375 321.439544677734375 309.87774658203125 297.468414306640625 286.09613037109375 286.2957763671875 285.49298095703125 285.147247314453125 285.30755615234375 284.95697021484375 283.9639892578125 284.369598388671875 287.252777099609375 288.527374267578125 290.52301025390625 293.991546630859375 295.20556640625 296.643402099609375 300.768951416015625 302.13427734375 309.64739990234375 311.66265869140625 314.1322021484375
357.035736083984375 358.447662353515625 361.822509765625 363.106536865234375 353.589141845703125 354.432891845703125 354.2890625 358.063568115234375 363.5684814453125 368.365386962890625 370.250701904296875 376.417083740234375 378.82159423828125 384.3643798828125 380.519195556640625 376.079864501953125 358.333221435546875 351.3895263671875 346.497100830078125 338.60418701171875 331.350250244140625 321.876678466796875 298.881866455078125 286.3155517578125 286.53857421875 286.73577880859375 286.08380126953125 285.36279296875 285.287933349609375 285.022216796875 284.094573974609375 285.516448974609375 287.32373046875 290.7073974609375 291.623626708984375 295.308990478515625 298.547943115234375 299.415740966796875 303.776824951171875 305.48895263671875 311.2767333984375 315.20587158203125 317.485992431640625
354.489990234375 353.998291015625 354.7818603515625 354.89569091796875 349.193267822265625 348.819183349609375 355.8359375 359.816680908203125 363.5185546875 370.111175537109375 373.53192138671875 378.43170166015625 382.620819091796875 383.3876953125 377.93353271484375 373.903961181640625 366.095611572265625 341.612548828125 336.453338623046875 325.240509033203125 320.082427978515625 310.1043701171875 288.800201416015625 286.535430908203125 286.754608154296875 286.3914794921875 285.662322998046875 285.067169189453125 285.241485595703125 285.186126708984375 284.743255615234375 287.361907958984375 289.02960205078125 291.75836181640625 293.926513671875 297.977508544921875 301.658355712890625 303.025390625 304.8623046875 309.091094970703125 313.884429931640625 316.546356201171875 321.04132080078125
353.7601318359375 350.215484619140625 348.88421630859375 348.495758056640625 347.918701171875 350.8033447265625 354.053619384765625 363.056640625 365.94427490234375 375.449737548828125 376.52734375 377.951202392578125 383.9776611328125 383.39166259765625 378.152374267578125 370.72784423828125 364.345001220703125 353.039093017578125 329.0166015625 317.42730712890625 308.2587890625 297.560638427734375 287.461273193359375 287.01806640625 286.73944091796875 286.001373291015625 285.928314208984375 285.213714599609375 284.743255615234375 284.743255615234375 286.442626953125 289.1263427734375 290.92803955078125 292.115386962890625 295.91925048828125 300.47796630859375 302.836517333984375 306.06005859375 308.08819580078125 309.8935546875 317.189605712890625 319.660247802734375 324.36376953125
354.5963134765625 351.601287841796875 344.215118408203125 343.7952880859375 343.9285888671875 351.448638916015625 356.58648681640625 366.655792236328125 369.314178466796875 375.89752197265625 381.0623779296875 384.1015625 384.4844970703125 381.0626220703125 372.367706298828125 369.002349853515625 360.873443603515625 354.526153564453125 332.09173583984375 322.0052490234375 308.3404541015625 288.077392578125 287.00079345703125 286.180450439453125 287.789337158203125 286.19140625 285.8380126953125 284.743255615234375 284.743255615234375 284.743255615234375 287.558197021484375 289.6226806640625 292.330169677734375 294.0008544921875 295.726593017578125 302.71600341796875 304.961517333984375 307.06390380859375 310.795074462890625 312.380950927734375 320.074005126953125 323.277008056640625 325.321990966796875
357.52252197265625 348.961639404296875 342.10552978515625 340.519866943359375 342.9287109375 354.5245361328125 360.43475341796875 365.17486572265625 373.62884521484375 378.839019775390625 380.9185791015625 381.834564208984375 380.188568115234375 377.828277587890625 364.201751708984375 361.32427978515625 355.05096435546875 351.696014404296875 349.0687255859375 316.531158447265625 303.8294677734375 289.453155517578125 286.180450439453125 286.180450439453125 286.18359375 286.12646484375 285.7774658203125 284.743255615234375 286.277099609375 284.743255615234375 289.50897216796875 290.653167724609375 292.440582275390625 295.66485595703125 298.248809814453125 302.54901123046875 307.005035400390625 309.201904296875 312.9886474609375 315.268524169921875 320.350799560546875 325.497711181640625 327.826934814453125
354.880401611328125 343.02850341796875 338.98486328125 338.7196044921875 343.5179443359375 350.69012451171875 362.620391845703125 367.5999755859375 372.503997802734375 379.60986328125 380.090118408203125 378.510162353515625 373.4569091796875 370.014373779296875 354.948577880859375 353.312103271484375 351.858642578125 349.167877197265625 340.9747314453125 315.1041259765625 289.421905517578125 286.80706787109375 286.270660400390625 286.180450439453125 286.670013427734375 285.695892333984375 284.743255615234375 284.743255615234375 285.3223876953125 287.7620849609375 290.266998291015625 292.586334228515625 294.7237548828125 295.69073486328125 302.567657470703125 304.97393798828125 309.621246337890625 311.45172119140625 314.018707275390625 318.3721923828125 323.25128173828125 325.40283203125 330.0169677734375
360.8409423828125 340.4110107421875 335.693817138671875 335.175323486328125 344.016143798828125 351.21685791015625 358.55279541015625 368.970001220703125 372.732666015625 375.900390625 374.2359619140625 371.867401123046875 364.394195556640625 360.183013916015625 349.46282958984375 347.634735107421875 348.429412841796875 348.386383056640625 326.254302978515625 301.54278564453125 287.887115478515625 286.35345458984375 286.540069580078125 286.258026123046875 286.180450439453125 285.56280517578125 284.743255615234375 284.743255615234375 286.03680419921875 290.83074951171875 291.161041259765625 292.559051513671875 295.982177734375 298.46160888671875 305.26251220703125 307.1414794921875 310.172760009765625 314.462982177734375 316.7889404296875 319.052337646484375 326.364501953125 328.26727294921875 330.86370849609375
356.10931396484375 347.80401611328125 332.2611083984375 332.2611083984375 338.10888671875 352.1416015625 358.54620361328125 370.6064453125 373.410247802734375 371.628143310546875 366.087554931640625 362.639068603515625 359.051361083984375 351.37762451171875 343.868194580078125 344.221038818359375 346.785919189453125 337.954559326171875 313.631805419921875 288.247772216796875 286.442291259765625 286.720184326171875 286.68212890625 286.71856689453125 286.1907958984375 286.141937255859375 285.94378662109375 286.04498291015625 285.541290283203125 291.72314453125 292.6212158203125 294.421661376953125 298.779266357421875 300.91015625 305.766204833984375 310.3653564453125 312.644805908203125 314.627105712890625 319.804107666015625 325.29364013671875 327.4603271484375 331.506439208984375 334.198699951171875
350.927734375 345.042205810546875 332.2611083984375 332.68682861328125 338.724761962890625 352.501922607421875 360.18951416015625 366.140411376953125 373.196075439453125 363.65704345703125 360.360748291015625 352.412017822265625 348.791351318359375 346.918914794921875 340.62982177734375 343.67205810546875 337.167205810546875 325.53118896484375 313.974884033203125 286.767669677734375 287.292633056640625 287.277801513671875 286.753875732421875 286.936065673828125 286.563629150390625 286.1318359375 286.330108642578125 285.636322021484375 286.375518798828125 291.5572509765625 294.07989501953125 296.69219970703125 299.178985595703125 304.0267333984375 308.5106201171875 311.30596923828125 315.549041748046875 318.055694580078125 319.91748046875 328.039703369140625 330.0213623046875 335.54345703125 338.98577880859375
