HalfMoon/HT_Elevation.asc
ncols        257
nrows        453
xllcorner    1490766.300159812905
yllcorner    2106917.908129317686
cellsize     32.234250911049
NODATA_value  -3.4028230607370965251e+38
[rows 57 to 75 of 453, columns 86 to 128 of 257]
294.263153076171875 294.085601806640625 293.34063720703125 293.528656005859375 293.151458740234375 292.66802978515625 292.38360595703125 292.449066162109375 291.130126953125 290.184326171875 290.228424072265625 289.85491943359375 288.66888427734375 289.34832763671875 288.803253173828125 289.201995849609375 288.69720458984375 295.5068359375 295.89373779296875 297.381866455078125 300.204986572265625 303.1864013671875 307.958587646484375 312.04833984375 315.124237060546875 319.531005859375 321.5386962890625 334.393585205078125 336.326416015625 336.797149658203125 336.992584228515625 344.52423095703125 349.971710205078125 353.28924560546875 358.3319091796875 360.5784912109375 365.19952392578125 367.12481689453125 373.410400390625 377.298675537109375 381.9302978515625 385.248077392578125 391.310302734375
294.0614013671875 293.01324462890625 292.872161865234375 293.060821533203125 293.19189453125 292.98516845703125 292.55072021484375 292.001617431640625 291.36199951171875 290.51397705078125 289.876953125 290.10382080078125 289.805023193359375 289.595672607421875 288.82208251953125 288.9453125 288.69720458984375 295.846588134765625 297.388671875 299.551116943359375 303.71160888671875 305.993255615234375 310.720916748046875 315.985076904296875 318.292388916015625 320.436126708984375 325.8046875 334.399139404296875 334.537506103515625 337.477569580078125 341.918731689453125 344.18975830078125 353.508056640625 356.721893310546875 361.452728271484375 364.09234619140625 366.852569580078125 375.7105712890625 378.215728759765625 380.38330078125 385.80474853515625 389.35052490234375 392.769622802734375
295.458038330078125 309.66595458984375 294.676727294921875 292.7318115234375 292.157684326171875 292.4217529296875 292.819000244140625 291.161285400390625 290.610015869140625 290.807586669921875 290.075439453125 289.4490966796875 289.4490966796875 289.663360595703125 289.4490966796875 288.834625244140625 290.80712890625 296.074188232421875 299.871612548828125 301.593780517578125 303.9801025390625 308.12591552734375 313.543243408203125 315.901885986328125 320.498748779296875 322.7452392578125 328.850372314453125 334.0238037109375 334.735382080078125 342.82281494140625 345.097198486328125 347.535369873046875 357.43621826171875 359.834320068359375 362.468017578125 367.847381591796875 370.559967041015625 376.755218505859375 383.02838134765625 385.41180419921875 387.489837646484375 394.20111083984375 402.858306884765625
312.21380615234375 323.638641357421875 315.7789306640625 301.962921142578125 292.132537841796875 291.5767822265625 291.208099365234375 291.715179443359375 290.706207275390625 290.84979248046875 290.2242431640625 289.4490966796875 289.82421875 289.4490966796875 289.743255615234375 290.517669677734375 295.480712890625 298.344512939453125 300.195526123046875 304.52777099609375 306.4185791015625 308.8885498046875 316.106201171875 317.74725341796875 320.860015869140625 332.4429931640625 332.11199951171875 335.807159423828125 340.075408935546875 343.293060302734375 348.54376220703125 350.643402099609375 357.61224365234375 362.870391845703125 365.6861572265625 368.524749755859375 373.853057861328125 380.1209716796875 386.49078369140625 389.570037841796875 391.529937744140625 399.380828857421875 408.67852783203125
327.328765869140625 329.794677734375 319.7398681640625 298.682708740234375 293.37567138671875 291.7469482421875 291.01043701171875 291.084381103515625 290.376251220703125 290.5894775390625 290.24578857421875 289.979827880859375 289.4490966796875 290.31561279296875 291.83660888671875 292.71002197265625 295.370697021484375 300.44061279296875 302.452667236328125 305.269256591796875 309.01849365234375 310.677825927734375 317.136199951171875 325.2896728515625 331.095245361328125 331.78631591796875 332.12677001953125 336.763671875 344.124237060546875 346.5718994140625 349.497802734375 354.53485107421875 360.813720703125 363.91375732421875 369.0465087890625 372.25213623046875 377.18280029296875 384.47076416015625 387.42108154296875 393.812652587890625 397.824859619140625 401.2366943359375 414.637359619140625
339.358978271484375 315.366485595703125 305.95831298828125 295.71136474609375 291.589996337890625 291.179107666015625 290.866058349609375 290.376251220703125 290.7286376953125 290.469970703125 289.4490966796875 289.4490966796875 290.53350830078125 292.16705322265625 293.1220703125 295.637359619140625 297.49652099609375 302.755523681640625 304.843414306640625 306.8074951171875 309.70257568359375 314.181488037109375 327.320709228515625 328.7913818359375 330.169830322265625 330.169830322265625 333.3516845703125 340.041351318359375 343.795440673828125 348.955810546875 351.705780029296875 355.416534423828125 363.679931640625 367.51165771484375 372.982818603515625 375.432403564453125 378.615570068359375 388.572509765625 391.72650146484375 395.16998291015625 402.69305419921875 406.24932861328125 416.972198486328125
335.109588623046875 309.0838623046875 293.81878662109375 291.948516845703125 290.95947265625 290.898162841796875 290.1959228515625 290.215484619140625 290.626434326171875 289.99200439453125 289.4490966796875 291.3275146484375 292.05828857421875 294.200775146484375 295.650054931640625 296.425445556640625 299.965484619140625 300.749176025390625 304.883026123046875 309.459686279296875 311.521484375 322.150299072265625 327.756439208984375 327.863433837890625 330.205902099609375 332.282684326171875 335.08251953125 344.313995361328125 347.035675048828125 349.5845947265625 354.623931884765625 358.074005126953125 367.52728271484375 370.396942138671875 373.7911376953125 379.193817138671875 381.6939697265625 388.82403564453125 395.64208984375 399.01837158203125 402.45697021484375 411.95452880859375 421.52423095703125
319.95562744140625 295.332305908203125 293.949951171875 290.6871337890625 290.6871337890625 290.1959228515625 290.564056396484375 290.1959228515625 290.1959228515625 290.279632568359375 290.35748291015625 293.05096435546875 293.20257568359375 294.887542724609375 296.7288818359375 301.969085693359375 306.098846435546875 310.08282470703125 313.641143798828125 319.45452880859375 324.61968994140625 325.51177978515625 327.7801513671875 329.078216552734375 329.9925537109375 335.87310791015625 339.2921142578125 344.488311767578125 350.204193115234375 353.392120361328125 358.98541259765625 361.69091796875 368.40228271484375 374.139801025390625 377.8363037109375 380.998077392578125 386.00537109375 394.17919921875 397.09130859375 404.04931640625 408.048187255859375 416.79217529296875 424.56256103515625
313.2476806640625 293.675445556640625 291.669158935546875 290.6871337890625 291.646392822265625 295.19866943359375 305.02471923828125 300.041534423828125 294.831268310546875 292.00616455078125 291.7908935546875 299.863922119140625 298.311492919921875 297.26702880859375 303.652679443359375 304.525115966796875 321.52764892578125 322.40850830078125 322.635955810546875 323.66729736328125 325.422698974609375 326.8262939453125 325.627716064453125 330.64862060546875 334.076812744140625 336.31640625 340.90350341796875 347.532806396484375 353.602386474609375 356.341064453125 359.830902099609375 365.148956298828125 371.834320068359375 374.27374267578125 381.204498291015625 384.7508544921875 387.8751220703125 398.6826171875 401.865325927734375 408.429534912109375 414.43768310546875 416.6966552734375 430.3377685546875
298.189849853515625 291.1795654296875 290.78900146484375 290.972900390625 302.503631591796875 310.144073486328125 316.664794921875 315.570404052734375 314.58447265625 310.19085693359375 302.607391357421875 310.3173828125 297.64697265625 304.78094482421875 312.28082275390625 319.86505126953125 320.748077392578125 321.13946533203125 323.10491943359375 324.017913818359375 325.031585693359375 326.127349853515625 328.457366943359375 333.837677001953125 336.417449951171875 339.12060546875 348.354827880859375 351.035308837890625 353.574798583984375 359.2110595703125 362.096282958984375 365.13934326171875 375.056854248046875 376.703033447265625 381.090545654296875 388.783050537109375 391.222808837890625 401.473876953125 406.54205322265625 410.616363525390625 417.411865234375 421.815399169921875 432.405120849609375
294.62158203125 291.21795654296875 291.5079345703125 290.960723876953125 299.850006103515625 317.7955322265625 316.674468994140625 316.462188720703125 316.573211669921875 316.15179443359375 315.73309326171875 298.430267333984375 298.0833740234375 314.3453369140625 319.434844970703125 320.79803466796875 321.5009765625 322.3621826171875 321.98162841796875 318.86077880859375 320.443939208984375 329.149505615234375 331.668212890625 333.61724853515625 339.440460205078125 341.908416748046875 349.088165283203125 354.8931884765625 357.050018310546875 358.484527587890625 364.58026123046875 370.57269287109375 378.037567138671875 382.142059326171875 385.215911865234375 391.295989990234375 395.111785888671875 402.9801025390625 412.480743408203125 415.0792236328125 419.0687255859375 426.3101806640625 436.830230712890625
292.674407958984375 291.21795654296875 292.06219482421875 295.677276611328125 307.38262939453125 315.47906494140625 311.24481201171875 312.589508056640625 316.19024658203125 316.591094970703125 316.280548095703125 298.21844482421875 305.491058349609375 312.934722900390625 320.373626708984375 320.952178955078125 311.23321533203125 315.78814697265625 317.567840576171875 321.440399169921875 323.76324462890625 329.854278564453125 334.853729248046875 337.659820556640625 340.29254150390625 345.991546630859375 352.41925048828125 356.709014892578125 360.96405029296875 362.8875732421875 368.01800537109375 374.301910400390625 377.379364013671875 385.37994384765625 388.570556640625 392.258880615234375 399.42742919921875 408.1912841796875 412.797576904296875 419.066864013671875 421.835845947265625 432.74237060546875 441.5926513671875
291.519195556640625 291.735260009765625 292.1094970703125 292.06219482421875 293.73388671875 297.7935791015625 296.91217041015625 297.567779541015625 302.319976806640625 307.326019287109375 308.963104248046875 298.473052978515625 309.76824951171875 312.763580322265625 313.9736328125 310.382293701171875 315.069366455078125 318.208526611328125 321.17498779296875 322.5023193359375 327.36773681640625 333.0775146484375 335.28643798828125 340.927703857421875 343.918792724609375 346.443572998046875 355.09442138671875 359.46893310546875 365.185272216796875 367.609344482421875 370.216522216796875 379.492828369140625 383.162841796875 386.36151123046875 393.698760986328125 396.766998291015625 405.81591796875 414.197723388671875 416.91802978515625 424.3525390625 428.69873046875 433.51983642578125 447.22662353515625
291.547454833984375 292.478485107421875 292.239654541015625 292.30841064453125 292.72003173828125 292.72003173828125 292.72003173828125 294.5152587890625 296.5380859375 299.1143798828125 298.866546630859375 300.58331298828125 302.207855224609375 306.5482177734375 308.621368408203125 313.176483154296875 317.534576416015625 319.558197021484375 323.259552001953125 325.848052978515625 328.172088623046875 335.554229736328125 337.40264892578125 340.177764892578125 346.520599365234375 349.541229248046875 359.11212158203125 362.844970703125 366.126434326171875 371.078399658203125 373.527435302734375 381.2177734375 387.38580322265625 390.245269775390625 394.237579345703125 402.25238037109375 411.574462890625 419.94830322265625 423.78594970703125 428.102142333984375 434.258819580078125 449.03045654296875 452.3082275390625
292.7955322265625 292.852630615234375 292.48333740234375 292.7637939453125 292.92877197265625 292.742431640625 292.72003173828125 292.72003173828125 293.288787841796875 295.521148681640625 298.814697265625 302.14208984375 303.787994384765625 309.12359619140625 311.421417236328125 313.30377197265625 320.3433837890625 322.437347412109375 324.90435791015625 328.95318603515625 331.6982421875 336.005340576171875 341.793426513671875 343.4840087890625 349.599395751953125 352.80816650390625 360.0531005859375 366.72161865234375 369.958770751953125 372.13116455078125 377.70135498046875 385.536590576171875 388.5064697265625 396.009246826171875 399.71136474609375 407.358367919921875 415.8167724609375 421.34942626953125 429.968994140625 434.6292724609375 439.694915771484375 453.8839111328125 458.8321533203125
292.68505859375 292.933563232421875 292.602264404296875 293.36114501953125 292.602264404296875 293.11865234375 292.72003173828125 292.72003173828125 295.023468017578125 297.904541015625 300.472625732421875 303.947174072265625 305.94647216796875 308.0880126953125 313.526947021484375 315.584686279296875 320.972808837890625 325.59063720703125 327.827056884765625 330.830963134765625 334.821624755859375 340.450653076171875 345.704925537109375 348.2257080078125 350.370880126953125 356.217498779296875 363.09051513671875 366.2752685546875 372.7000732421875 375.956268310546875 379.68804931640625 389.18780517578125 393.479278564453125 400.88409423828125 404.638519287109375 408.52880859375 422.0223388671875 426.718505859375 431.561798095703125 440.64434814453125 446.13726806640625 456.696807861328125 466.7286376953125
293.3831787109375 293.185546875 292.904022216796875 292.602264404296875 293.2625732421875 293.198699951171875 293.02813720703125 294.231109619140625 295.9268798828125 298.709808349609375 302.721099853515625 304.390411376953125 308.83209228515625 311.17303466796875 312.949462890625 318.09320068359375 323.46734619140625 328.3072509765625 330.81805419921875 333.87310791015625 338.924652099609375 344.31597900390625 346.458587646484375 352.736114501953125 355.2066650390625 356.888763427734375 366.120025634765625 369.3167724609375 373.0042724609375 378.9781494140625 383.174346923828125 393.835693359375 397.911376953125 402.36944580078125 410.285675048828125 413.7703857421875 422.766021728515625 432.440185546875 437.40911865234375 442.509796142578125 452.31597900390625 463.526641845703125 479.704620361328125
293.411407470703125 293.719268798828125 293.164306640625 292.602264404296875 293.5010986328125 293.52349853515625 293.8665771484375 296.35546875 299.356781005859375 299.27337646484375 304.67523193359375 307.224029541015625 309.323150634765625 313.9400634765625 316.328155517578125 324.266998291015625 326.579925537109375 328.84051513671875 334.1380615234375 336.621612548828125 338.7496337890625 347.38507080078125 349.581878662109375 351.656158447265625 356.578369140625 360.43475341796875 369.451751708984375 371.971282958984375 375.3951416015625 382.816619873046875 385.5057373046875 393.566162109375 402.29571533203125 406.20892333984375 410.438385009765625 419.324005126953125 428.12567138671875 432.432464599609375 443.627838134765625 448.95001220703125 459.271636962890625 471.011749267578125 479.88507080078125
292.878021240234375 292.6455078125 292.602264404296875 294.064971923828125 293.04266357421875 294.6082763671875 295.99462890625 297.514007568359375 300.266571044921875 301.68927001953125 305.970916748046875 310.22174072265625 312.240997314453125 317.0135498046875 319.283294677734375 325.583465576171875 330.31085205078125 331.79571533203125 334.72607421875 339.67376708984375 345.831085205078125 347.899444580078125 353.067352294921875 356.021331787109375 360.012664794921875 363.496063232421875 369.340423583984375 375.120513916015625 379.31976318359375 382.570709228515625 389.141326904296875 397.6834716796875 402.1357421875 410.96405029296875 414.911102294921875 423.053680419921875 433.202606201171875 438.96185302734375 450.57684326171875 454.301910400390625 460.983551025390625 482.242828369140625 494.19329833984375
