HalfMoon/HT_Elevation.asc
ncols        257
nrows        453
xllcorner    1490766.300159812905
yllcorner    2106917.908129317686
cellsize     32.234250911049
NODATA_value  -3.4028230607370965251e+38
[rows 57 to 75 of 453, columns 172 to 214 of 257]
492.30206298828125 486.38409423828125 480.462188720703125 463.264129638671875 462.967041015625 462.370941162109375 464.289154052734375 463.792572021484375 460.046630859375 458.84747314453125 458.07489013671875 455.287841796875 454.24041748046875 450.460968017578125 448.557861328125 448.5467529296875 447.6536865234375 445.317718505859375 443.432891845703125 442.088592529296875 438.333709716796875 437.742156982421875 436.31414794921875 435.040252685546875 433.97021484375 432.386962890625 431.75244140625 431.057861328125 429.774871826171875 430.680816650390625 433.949981689453125 434.482421875 434.097076416015625 434.391693115234375 435.750732421875 436.707977294921875 439.43701171875 441.13763427734375 441.93682861328125 437.811309814453125 437.350341796875 437.279571533203125 437.798675537109375
491.24945068359375 480.916534423828125 476.762847900390625 470.476409912109375 459.7435302734375 459.854644775390625 461.216064453125 461.180816650390625 458.083740234375 457.146331787109375 454.523773193359375 453.2506103515625 451.17230224609375 448.690460205078125 447.58807373046875 446.331939697265625 445.213470458984375 443.662750244140625 440.88983154296875 439.726287841796875 437.715484619140625 437.426177978515625 436.647247314453125 433.39678955078125 432.564788818359375 431.52630615234375 430.509063720703125 430.329864501953125 429.0078125 431.446990966796875 433.205291748046875 434.33001708984375 433.1390380859375 433.642333984375 435.2296142578125 436.92108154296875 438.437744140625 439.885528564453125 439.146697998046875 435.27752685546875 435.32574462890625 435.646392822265625 437.13104248046875
485.3863525390625 476.423492431640625 473.40264892578125 467.569488525390625 457.570770263671875 457.060821533203125 457.704376220703125 458.353363037109375 455.361175537109375 455.1986083984375 451.558990478515625 449.72052001953125 449.03271484375 446.705902099609375 445.730560302734375 444.058990478515625 443.427215576171875 442.42010498046875 438.408203125 438.19140625 437.49163818359375 436.3472900390625 436.71478271484375 433.244659423828125 430.959014892578125 430.496612548828125 429.454742431640625 428.285369873046875 427.294525146484375 432.489227294921875 432.1993408203125 433.11004638671875 432.616485595703125 433.3271484375 434.516754150390625 437.42559814453125 437.539154052734375 437.3409423828125 436.780120849609375 434.658721923828125 434.6314697265625 435.054534912109375 435.593109130859375
479.867095947265625 475.49383544921875 470.899017333984375 463.0828857421875 457.047882080078125 455.0330810546875 454.21075439453125 454.969329833984375 451.561279296875 450.615997314453125 448.227142333984375 447.612152099609375 447.211639404296875 444.7952880859375 443.903594970703125 443.279510498046875 441.366241455078125 440.3277587890625 438.1934814453125 436.86346435546875 436.16729736328125 435.44097900390625 434.226409912109375 431.768096923828125 430.214385986328125 429.373199462890625 428.883331298828125 428.51129150390625 426.874237060546875 427.871429443359375 429.797088623046875 431.030670166015625 432.428466796875 433.7763671875 435.012786865234375 436.090789794921875 435.734619140625 435.549407958984375 434.1407470703125 434.17681884765625 433.965850830078125 434.5450439453125 435.1988525390625
476.263519287109375 473.628509521484375 467.3870849609375 456.7330322265625 453.5614013671875 452.723876953125 451.826934814453125 452.156585693359375 448.22802734375 447.010650634765625 446.5848388671875 445.90411376953125 445.617645263671875 443.645172119140625 442.18670654296875 441.502777099609375 440.73834228515625 438.847076416015625 436.56658935546875 435.950225830078125 434.9688720703125 434.3392333984375 432.57977294921875 430.807769775390625 429.90899658203125 428.17938232421875 427.55987548828125 427.32733154296875 426.6673583984375 426.003326416015625 427.917083740234375 429.926513671875 431.364410400390625 432.53326416015625 433.1939697265625 433.47955322265625 433.26434326171875 433.64703369140625 434.200531005859375 433.965850830078125 434.1402587890625 434.247711181640625 435.41156005859375
475.527557373046875 470.867767333984375 465.7890625 461.185943603515625 450.886444091796875 450.657135009765625 450.258758544921875 446.29595947265625 447.055572509765625 445.62615966796875 445.3304443359375 444.85089111328125 443.822845458984375 441.5341796875 441.374359130859375 439.80682373046875 438.70806884765625 437.402099609375 435.68914794921875 435.357940673828125 433.702972412109375 433.074859619140625 432.170074462890625 429.771331787109375 428.5933837890625 427.660064697265625 426.186859130859375 426.3682861328125 424.453399658203125 427.153472900390625 427.4486083984375 428.322479248046875 429.84906005859375 431.028717041015625 430.351531982421875 431.785552978515625 432.25128173828125 433.137359619140625 434.053863525390625 434.059967041015625 433.965850830078125 434.714385986328125 435.34228515625
472.945404052734375 470.295074462890625 462.513824462890625 459.5711669921875 451.892059326171875 447.78179931640625 447.9093017578125 445.435089111328125 443.958221435546875 444.53289794921875 443.203765869140625 442.92401123046875 442.2958984375 440.110107421875 439.460845947265625 438.385772705078125 438.456298828125 436.691162109375 434.60235595703125 433.917724609375 431.94635009765625 431.4276123046875 430.968536376953125 429.918792724609375 426.352325439453125 425.8909912109375 425.6336669921875 425.218994140625 424.254486083984375 426.906646728515625 427.632843017578125 428.211212158203125 428.5208740234375 428.256622314453125 428.75140380859375 430.186981201171875 430.909088134765625 433.00482177734375 432.998779296875 433.384307861328125 433.58148193359375 434.90081787109375 435.22869873046875
469.3560791015625 467.435516357421875 459.413177490234375 457.13458251953125 453.7947998046875 446.0364990234375 445.90216064453125 443.4984130859375 442.21685791015625 442.455780029296875 442.423309326171875 441.113525390625 438.93792724609375 438.079681396484375 437.75762939453125 437.157257080078125 436.11773681640625 435.661834716796875 434.188232421875 431.574981689453125 430.52276611328125 430.15570068359375 431.303863525390625 427.7542724609375 425.040008544921875 424.893890380859375 425.231048583984375 424.994354248046875 423.9261474609375 426.0174560546875 425.9666748046875 426.20147705078125 426.7435302734375 427.409759521484375 428.315216064453125 430.304229736328125 431.558197021484375 432.4739990234375 431.91845703125 432.339874267578125 432.59637451171875 433.9520263671875 434.677459716796875
465.522216796875 462.31475830078125 456.95391845703125 452.154449462890625 448.9462890625 444.440521240234375 443.485595703125 441.35943603515625 441.5179443359375 439.805999755859375 440.07916259765625 439.20172119140625 436.517333984375 436.5950927734375 436.11126708984375 435.496734619140625 435.044525146484375 433.115203857421875 432.82574462890625 431.4034423828125 429.4793701171875 429.070037841796875 429.21063232421875 427.359771728515625 425.8785400390625 424.32244873046875 423.843994140625 423.443634033203125 424.47216796875 424.70941162109375 424.779632568359375 425.90997314453125 426.723297119140625 427.3331298828125 428.0665283203125 428.787506103515625 431.396087646484375 432.37078857421875 431.158843994140625 431.214080810546875 431.923095703125 432.851165771484375 433.903533935546875
462.860809326171875 458.360931396484375 454.602325439453125 452.382659912109375 446.200927734375 442.982696533203125 441.70635986328125 440.20355224609375 439.925323486328125 438.561187744140625 438.0394287109375 438.100341796875 435.12255859375 435.1270751953125 434.636199951171875 434.202362060546875 434.010467529296875 432.380706787109375 431.697784423828125 430.121307373046875 428.38153076171875 427.393463134765625 428.156951904296875 427.31109619140625 425.897003173828125 424.208465576171875 423.350738525390625 423.011871337890625 421.908111572265625 424.048309326171875 425.03680419921875 426.857421875 427.43841552734375 428.60479736328125 427.708465576171875 427.84930419921875 429.431549072265625 431.502532958984375 428.995208740234375 429.904083251953125 432.05267333984375 432.886199951171875 433.48974609375
459.35418701171875 457.446319580078125 450.25244140625 447.621612548828125 444.2510986328125 443.165557861328125 441.034332275390625 438.10784912109375 438.101318359375 438.0692138671875 435.9053955078125 436.208404541015625 434.33209228515625 433.063751220703125 433.1724853515625 433.066192626953125 432.799224853515625 430.906158447265625 430.53228759765625 428.093780517578125 427.07879638671875 428.777099609375 430.16058349609375 430.348388671875 427.75238037109375 424.21453857421875 422.95843505859375 421.98443603515625 421.611053466796875 424.69268798828125 426.157135009765625 426.99114990234375 428.4268798828125 428.53875732421875 427.31182861328125 427.7381591796875 428.540252685546875 428.44427490234375 428.99774169921875 429.734771728515625 431.63104248046875 431.745941162109375 432.835418701171875
454.66864013671875 453.274993896484375 446.2344970703125 445.147674560546875 444.257110595703125 442.352020263671875 441.13824462890625 437.096282958984375 436.46563720703125 436.097686767578125 435.3797607421875 434.586883544921875 432.85968017578125 431.933441162109375 431.797210693359375 431.983795166015625 431.210479736328125 429.960479736328125 429.361114501953125 426.2342529296875 425.70684814453125 429.411346435546875 431.292327880859375 431.36395263671875 430.903717041015625 422.74261474609375 422.37255859375 420.60662841796875 420.387603759765625 423.025360107421875 425.9979248046875 427.335906982421875 427.999237060546875 426.458038330078125 427.162200927734375 427.366943359375 426.3924560546875 426.64056396484375 428.4610595703125 428.90643310546875 429.793853759765625 430.81976318359375 432.089141845703125
449.583099365234375 448.49163818359375 445.1326904296875 443.183807373046875 442.376953125 441.502685546875 439.306549072265625 435.473785400390625 434.547943115234375 434.568359375 433.892486572265625 432.880218505859375 431.540496826171875 430.84271240234375 430.436126708984375 430.486328125 430.197021484375 428.29571533203125 425.99749755859375 425.289642333984375 429.250030517578125 430.59283447265625 431.387725830078125 431.136810302734375 429.423675537109375 421.5621337890625 421.392578125 420.383819580078125 419.718109130859375 421.422943115234375 423.892242431640625 426.8121337890625 425.062896728515625 424.5029296875 424.963348388671875 424.6129150390625 425.824005126953125 426.9315185546875 427.757476806640625 428.8387451171875 429.129425048828125 429.78802490234375 431.978668212890625
447.410614013671875 445.551239013671875 442.697052001953125 441.993377685546875 440.57220458984375 438.8975830078125 439.044189453125 433.564239501953125 432.948699951171875 432.72540283203125 432.737274169921875 432.535003662109375 429.431640625 429.5479736328125 428.978057861328125 428.615753173828125 428.591217041015625 426.247283935546875 424.48486328125 423.67706298828125 428.586944580078125 430.71502685546875 429.2176513671875 428.22454833984375 426.392364501953125 420.763519287109375 420.70550537109375 419.71063232421875 418.919464111328125 421.02862548828125 423.213653564453125 425.187591552734375 423.24884033203125 423.0352783203125 423.452392578125 424.78460693359375 425.809967041015625 427.212493896484375 427.96856689453125 428.594329833984375 429.714630126953125 430.00994873046875 430.851165771484375
443.386138916015625 443.409912109375 440.237823486328125 440.396697998046875 440.39178466796875 438.798919677734375 435.7139892578125 431.278350830078125 431.32940673828125 431.539764404296875 430.98565673828125 430.331268310546875 428.736724853515625 427.45166015625 427.568023681640625 426.7857666015625 426.811004638671875 424.881439208984375 423.175750732421875 422.305206298828125 424.780029296875 428.61541748046875 425.7822265625 425.215728759765625 419.77264404296875 419.50933837890625 419.71136474609375 418.38482666015625 418.387908935546875 420.696319580078125 420.367919921875 423.17626953125 421.87750244140625 422.4508056640625 423.374786376953125 425.317840576171875 425.868865966796875 426.203643798828125 428.647979736328125 429.39544677734375 429.6219482421875 430.17626953125 430.27069091796875
441.780059814453125 438.489288330078125 438.1436767578125 438.95947265625 438.573486328125 437.020355224609375 434.875213623046875 430.337249755859375 429.7923583984375 429.95263671875 429.63140869140625 429.531982421875 427.58990478515625 427.09478759765625 426.07855224609375 425.111297607421875 425.25726318359375 423.154998779296875 422.52740478515625 420.52777099609375 422.29412841796875 425.893402099609375 422.473052978515625 419.730682373046875 418.229644775390625 418.49505615234375 418.14996337890625 417.463470458984375 418.069183349609375 419.7506103515625 419.7506103515625 421.277862548828125 421.53118896484375 422.583709716796875 423.028228759765625 424.042388916015625 425.293212890625 426.573883056640625 428.708221435546875 429.265472412109375 430.157318115234375 430.356231689453125 432.290679931640625
439.591400146484375 436.97735595703125 436.45599365234375 436.4268798828125 436.150848388671875 435.620025634765625 428.97119140625 427.632843017578125 427.7548828125 428.3720703125 428.253265380859375 427.86126708984375 426.173370361328125 426.1878662109375 425.473846435546875 424.42474365234375 424.081268310546875 421.881683349609375 421.70172119140625 420.60858154296875 420.17950439453125 423.08447265625 418.578948974609375 417.510589599609375 417.6663818359375 417.531097412109375 417.5836181640625 417.4208984375 418.572021484375 420.303253173828125 419.7506103515625 420.96002197265625 421.747772216796875 421.941162109375 423.37628173828125 423.784942626953125 425.91204833984375 427.649810791015625 428.1864013671875 429.03546142578125 429.90057373046875 430.89801025390625 432.390594482421875
436.40374755859375 434.849853515625 433.45745849609375 433.4842529296875 433.343780517578125 432.163116455078125 427.96392822265625 426.072479248046875 426.56378173828125 426.79888916015625 426.86260986328125 426.546630859375 425.032073974609375 425.00347900390625 424.737091064453125 423.99005126953125 422.8660888671875 420.218536376953125 420.3211669921875 419.875579833984375 419.06884765625 419.534881591796875 417.28643798828125 417.344268798828125 416.810638427734375 416.4134521484375 416.7440185546875 417.131622314453125 418.626220703125 421.3118896484375 419.946929931640625 420.637115478515625 422.272125244140625 423.00506591796875 423.935546875 424.5224609375 425.586090087890625 428.991485595703125 428.485992431640625 429.71612548828125 431.282012939453125 431.844573974609375 433.589447021484375
434.54083251953125 433.55426025390625 431.93206787109375 430.656982421875 431.6475830078125 429.322174072265625 426.22418212890625 424.54840087890625 424.948516845703125 425.573211669921875 425.447662353515625 423.94134521484375 423.895477294921875 423.90765380859375 423.56494140625 423.3255615234375 422.1929931640625 421.41961669921875 420.218536376953125 418.554718017578125 418.375 417.34796142578125 415.950164794921875 416.181243896484375 415.904815673828125 415.9586181640625 416.273712158203125 419.441741943359375 421.08697509765625 422.86102294921875 420.884490966796875 421.1640625 423.731109619140625 425.10113525390625 424.70166015625 426.3582763671875 426.817291259765625 429.244842529296875 430.222381591796875 431.21514892578125 431.99273681640625 433.33984375 434.614990234375
