HalfMoon/HT_Elevation.asc
ncols        257
nrows        453
xllcorner    1490766.300159812905
yllcorner    2106917.908129317686
cellsize     32.234250911049
NODATA_value  -3.4028230607370965251e+38
[rows 342 to 360 of 453, columns 129 to 171 of 257]
365.35382080078125 363.754180908203125 361.7069091796875 361.395965576171875 361.395965576171875 361.615478515625 362.967498779296875 363.840240478515625 365.19354248046875 365.38702392578125 360.314483642578125 359.542449951171875 359.426605224609375 357.398406982421875 356.2803955078125 358.767852783203125 360.44140625 360.44110107421875 360.60113525390625 362.894775390625 365.363677978515625 366.436279296875 366.771575927734375 367.960662841796875 367.528594970703125 371.039459228515625 371.7301025390625 370.327362060546875 369.466949462890625 367.99444580078125 359.204315185546875 358.84869384765625 359.75653076171875 360.761749267578125 361.095947265625 362.952178955078125 363.9608154296875 363.00518798828125 360.896392822265625 359.738555908203125 353.741790771484375 347.472808837890625 342.92156982421875
365.823760986328125 364.06072998046875 362.776947021484375 361.395965576171875 361.771881103515625 360.94110107421875 360.286163330078125 362.8590087890625 363.59197998046875 360.97430419921875 358.871673583984375 357.516845703125 357.3316650390625 356.30877685546875 357.428741455078125 360.86175537109375 361.864410400390625 362.229522705078125 361.94293212890625 363.287078857421875 366.398681640625 367.253021240234375 368.62762451171875 370.38909912109375 370.37408447265625 373.539093017578125 373.50927734375 372.873291015625 369.438018798828125 363.038360595703125 364.62359619140625 364.755645751953125 365.510955810546875 365.32916259765625 363.91741943359375 370.138885498046875 370.753753662109375 368.77001953125 366.596893310546875 363.600311279296875 362.464630126953125 353.87310791015625 344.354949951171875
366.607391357421875 364.271514892578125 364.061431884765625 362.912506103515625 363.4969482421875 362.24609375 360.036376953125 359.4859619140625 359.4859619140625 359.185302734375 358.148193359375 357.536529541015625 356.86669921875 358.150177001953125 359.1234130859375 362.1121826171875 363.269622802734375 364.55218505859375 365.375244140625 364.120849609375 367.02337646484375 368.137939453125 369.740509033203125 370.716156005859375 371.566131591796875 375.157196044921875 374.874114990234375 374.179351806640625 370.58990478515625 364.240692138671875 369.040313720703125 369.5819091796875 369.10736083984375 368.609100341796875 368.6390380859375 377.3575439453125 378.3243408203125 376.90093994140625 373.4560546875 368.837432861328125 365.122894287109375 357.88226318359375 353.194915771484375
366.053253173828125 365.51202392578125 365.747283935546875 364.506103515625 365.0523681640625 363.934173583984375 363.2208251953125 360.02349853515625 359.6640625 359.7696533203125 359.240081787109375 359.042694091796875 357.713165283203125 359.419342041015625 360.417083740234375 362.717041015625 365.644683837890625 366.013946533203125 366.601959228515625 365.976531982421875 367.56488037109375 369.326812744140625 369.909912109375 371.2833251953125 374.765045166015625 376.25146484375 376.266571044921875 373.166107177734375 367.52288818359375 368.531280517578125 373.079254150390625 373.07843017578125 372.651763916015625 372.981719970703125 372.19171142578125 381.943267822265625 382.819488525390625 382.950958251953125 380.38885498046875 375.834075927734375 367.79425048828125 362.50543212890625 356.014923095703125
367.894683837890625 368.3779296875 367.5682373046875 366.638763427734375 367.7947998046875 364.747467041015625 363.930511474609375 362.86004638671875 360.931976318359375 360.889862060546875 360.676788330078125 360.280609130859375 357.92950439453125 360.447265625 364.469482421875 364.33428955078125 366.53759765625 367.75341796875 368.48345947265625 367.85247802734375 370.19805908203125 369.212493896484375 372.013336181640625 374.443939208984375 375.392303466796875 378.439727783203125 378.37567138671875 372.640838623046875 371.792938232421875 372.221588134765625 375.808807373046875 376.03948974609375 376.090362548828125 377.06915283203125 378.75689697265625 385.2547607421875 386.294342041015625 387.409637451171875 384.700164794921875 382.0025634765625 377.906494140625 365.80291748046875 359.4091796875
370.30267333984375 369.8590087890625 369.442779541015625 368.4176025390625 367.511505126953125 366.927459716796875 365.226226806640625 364.7545166015625 363.493438720703125 362.3660888671875 360.72674560546875 359.60662841796875 357.92950439453125 360.117950439453125 365.205230712890625 365.81585693359375 366.700714111328125 368.240753173828125 367.75341796875 369.023284912109375 372.514373779296875 373.3028564453125 374.5076904296875 377.0435791015625 377.535797119140625 379.96502685546875 378.14129638671875 375.939422607421875 375.245849609375 375.731689453125 379.330047607421875 379.0718994140625 378.85302734375 378.714630126953125 383.2835693359375 388.726043701171875 390.603271484375 389.756866455078125 389.333465576171875 385.10394287109375 382.53192138671875 373.25482177734375 362.35577392578125
372.674407958984375 371.466796875 371.16552734375 370.536651611328125 369.37518310546875 368.048309326171875 366.83123779296875 365.047088623046875 364.707061767578125 362.3135986328125 361.813232421875 361.06890869140625 358.7510986328125 360.66143798828125 363.693572998046875 365.453582763671875 366.703460693359375 368.130584716796875 369.357696533203125 371.007659912109375 373.8123779296875 376.312347412109375 377.44415283203125 378.5294189453125 379.382659912109375 382.3519287109375 380.552703857421875 378.723846435546875 377.4801025390625 378.3416748046875 382.057952880859375 382.34735107421875 383.220947265625 382.65771484375 386.69952392578125 391.96185302734375 392.5931396484375 393.1573486328125 392.75970458984375 391.0845947265625 386.56243896484375 377.1724853515625 368.97796630859375
373.429779052734375 371.98883056640625 371.72528076171875 371.0672607421875 369.6378173828125 367.9783935546875 366.998199462890625 365.466583251953125 365.016387939453125 362.10772705078125 362.281036376953125 359.26800537109375 358.897308349609375 362.0906982421875 364.057342529296875 365.409912109375 366.9986572265625 368.25103759765625 370.344482421875 373.618804931640625 374.817291259765625 377.753387451171875 379.035858154296875 379.760284423828125 384.2958984375 385.0650634765625 384.15576171875 382.656158447265625 382.794189453125 381.49090576171875 385.478759765625 386.174591064453125 387.075836181640625 388.19732666015625 389.068603515625 393.92816162109375 394.295196533203125 394.700714111328125 394.822998046875 394.27154541015625 393.804962158203125 380.299957275390625 371.09173583984375
373.256927490234375 372.32440185546875 371.946624755859375 371.2982177734375 369.343536376953125 368.0225830078125 367.238800048828125 367.2540283203125 362.98486328125 361.03753662109375 360.328948974609375 359.5599365234375 360.621124267578125 361.820220947265625 364.131927490234375 365.18756103515625 367.250946044921875 368.421722412109375 370.016815185546875 375.29443359375 377.133148193359375 377.734222412109375 380.3802490234375 381.648040771484375 385.586883544921875 386.64141845703125 386.431732177734375 386.154205322265625 385.73284912109375 385.132537841796875 388.782501220703125 389.58306884765625 390.4200439453125 391.23736572265625 392.354400634765625 395.968994140625 396.937744140625 396.725494384765625 397.253814697265625 395.792144775390625 395.7720947265625 381.129119873046875 373.7393798828125
373.26544189453125 372.84295654296875 372.385955810546875 371.45458984375 368.970611572265625 368.0147705078125 366.5322265625 365.1051025390625 363.59808349609375 360.428009033203125 359.605987548828125 360.3170166015625 361.645751953125 361.708770751953125 365.405029296875 365.7237548828125 367.308868408203125 369.704681396484375 371.446014404296875 374.32275390625 378.211761474609375 379.58917236328125 380.870208740234375 383.85260009765625 387.96209716796875 388.006103515625 388.819366455078125 390.59564208984375 388.695343017578125 392.263916015625 391.745849609375 392.41436767578125 393.337005615234375 393.818634033203125 395.181365966796875 398.390045166015625 398.69342041015625 399.528106689453125 400.168792724609375 398.758270263671875 396.7576904296875 389.361297607421875 376.31427001953125
374.186614990234375 373.587982177734375 372.008514404296875 371.39947509765625 368.011505126953125 366.8233642578125 366.2156982421875 362.87384033203125 362.13323974609375 360.68048095703125 360.0863037109375 361.2337646484375 362.296661376953125 362.55926513671875 364.6480712890625 367.814453125 369.249237060546875 370.28875732421875 372.9942626953125 375.370880126953125 376.154632568359375 380.845123291015625 382.69287109375 386.082855224609375 388.001708984375 390.210784912109375 393.93438720703125 393.98272705078125 393.83978271484375 396.81683349609375 395.373687744140625 394.912384033203125 396.313934326171875 396.8966064453125 401.00439453125 401.34820556640625 401.5684814453125 402.911224365234375 402.83087158203125 400.926025390625 398.448699951171875 390.611175537109375 383.34942626953125
372.78826904296875 372.4713134765625 370.55877685546875 370.059783935546875 367.5760498046875 365.297821044921875 363.846435546875 362.45855712890625 362.565521240234375 361.391632080078125 360.51220703125 361.45819091796875 362.219146728515625 363.607330322265625 365.7559814453125 367.700836181640625 371.220733642578125 372.87860107421875 373.658782958984375 377.04876708984375 377.962310791015625 383.451171875 384.964019775390625 386.37939453125 390.657501220703125 393.529998779296875 395.383941650390625 396.934661865234375 397.1968994140625 400.3060302734375 400.377899169921875 398.66162109375 399.3900146484375 400.12481689453125 403.434051513671875 403.80450439453125 404.20269775390625 404.34918212890625 403.5328369140625 402.46514892578125 401.489776611328125 394.987579345703125 388.288482666015625
371.02105712890625 370.77850341796875 370.23236083984375 367.46917724609375 365.45611572265625 364.409088134765625 363.187408447265625 362.22015380859375 363.011566162109375 360.94525146484375 360.80126953125 362.045684814453125 362.935546875 363.676116943359375 367.07147216796875 368.99505615234375 372.770965576171875 374.3890380859375 375.7130126953125 378.889862060546875 380.757568359375 382.544921875 386.584564208984375 387.35870361328125 390.438232421875 394.53656005859375 396.5186767578125 397.87939453125 399.6444091796875 402.735565185546875 402.936737060546875 403.3585205078125 402.639984130859375 403.724090576171875 407.062713623046875 406.14837646484375 405.86968994140625 405.133758544921875 405.159423828125 402.66363525390625 401.448272705078125 394.6986083984375 387.487945556640625
370.360443115234375 369.75823974609375 370.174835205078125 365.227813720703125 364.497467041015625 363.9102783203125 362.93499755859375 362.22015380859375 363.417388916015625 362.22015380859375 362.520050048828125 362.33978271484375 363.13409423828125 363.887298583984375 366.576568603515625 369.064422607421875 371.934661865234375 375.503570556640625 376.802764892578125 380.491546630859375 383.310394287109375 383.4638671875 385.812469482421875 389.15240478515625 392.715301513671875 393.9227294921875 397.439453125 399.13592529296875 401.992156982421875 405.59228515625 406.06158447265625 406.70703125 406.783721923828125 407.326385498046875 409.708099365234375 408.91717529296875 407.72796630859375 405.40411376953125 404.233734130859375 398.8895263671875 397.554351806640625 397.051788330078125 387.04144287109375
369.86749267578125 368.1585693359375 367.43475341796875 365.865936279296875 363.193939208984375 363.66070556640625 363.3011474609375 362.22015380859375 362.22015380859375 362.22015380859375 363.27435302734375 362.33978271484375 364.024566650390625 364.5184326171875 366.2491455078125 369.1663818359375 372.346588134765625 373.98406982421875 378.653167724609375 382.06085205078125 383.808746337890625 386.77984619140625 388.32476806640625 391.04376220703125 394.733856201171875 396.608001708984375 400.01116943359375 401.830108642578125 403.447296142578125 407.782806396484375 408.473541259765625 409.26898193359375 410.706787109375 409.79913330078125 412.2431640625 409.3194580078125 408.038543701171875 404.24310302734375 402.35333251953125 396.484344482421875 392.84893798828125 391.968536376953125 389.279876708984375
368.286529541015625 367.595550537109375 366.24212646484375 365.000885009765625 364.165252685546875 362.94085693359375 362.480712890625 362.420623779296875 362.888031005859375 363.2442626953125 364.080657958984375 364.477874755859375 365.668060302734375 367.79339599609375 367.6025390625 368.097503662109375 372.378265380859375 375.01373291015625 376.991546630859375 381.638916015625 383.716033935546875 389.4166259765625 391.34088134765625 391.92791748046875 398.268096923828125 399.842132568359375 400.708038330078125 404.469879150390625 405.790740966796875 407.77490234375 410.036773681640625 412.238006591796875 413.1234130859375 413.317474365234375 411.40966796875 408.365753173828125 405.873992919921875 404.240020751953125 398.1085205078125 393.087615966796875 388.318145751953125 385.26025390625 384.167816162109375
368.05609130859375 367.16015625 366.872314453125 364.397186279296875 363.642578125 363.249267578125 363.995391845703125 363.475799560546875 365.34051513671875 364.405426025390625 365.67535400390625 367.022430419921875 368.027496337890625 371.08148193359375 370.182220458984375 368.5511474609375 370.1011962890625 375.318817138671875 377.473785400390625 382.690460205078125 384.9698486328125 387.380828857421875 392.67559814453125 394.459991455078125 397.639434814453125 402.58746337890625 403.772918701171875 404.568328857421875 407.03509521484375 409.409912109375 411.807037353515625 412.475128173828125 412.845977783203125 412.570098876953125 408.970977783203125 407.342987060546875 401.59619140625 398.49114990234375 394.75323486328125 386.0074462890625 385.55987548828125 384.19903564453125 377.922821044921875
368.59503173828125 366.64044189453125 366.4169921875 364.206787109375 364.09356689453125 363.9376220703125 364.319671630859375 364.379852294921875 368.041473388671875 367.750091552734375 368.471435546875 369.547576904296875 370.498504638671875 373.476715087890625 373.780609130859375 370.2987060546875 370.970794677734375 375.2266845703125 378.581451416015625 380.970550537109375 386.156585693359375 388.708282470703125 390.5474853515625 395.84808349609375 398.0439453125 399.99566650390625 403.868743896484375 405.7752685546875 407.812591552734375 409.4744873046875 410.420074462890625 411.25738525390625 411.05145263671875 411.17236328125 403.864593505859375 402.557281494140625 401.05615234375 394.173370361328125 391.354278564453125 384.531341552734375 380.579986572265625 378.372283935546875 373.447235107421875
367.8033447265625 366.09716796875 365.097442626953125 364.880706787109375 365.23260498046875 365.6600341796875 365.39666748046875 367.27679443359375 368.588836669921875 370.09332275390625 370.308441162109375 371.291351318359375 371.89251708984375 375.1751708984375 376.083648681640625 374.608428955078125 371.375885009765625 372.96075439453125 379.489471435546875 381.326751708984375 384.248992919921875 388.8751220703125 391.2291259765625 392.88262939453125 396.515716552734375 398.6954345703125 402.730499267578125 404.997344970703125 406.743682861328125 408.75616455078125 408.527740478515625 409.1334228515625 409.23651123046875 407.187042236328125 402.571685791015625 399.893096923828125 395.7293701171875 390.90106201171875 388.6741943359375 381.947601318359375 376.570648193359375 375.029998779296875 370.965667724609375
