LoganDemo/Sep2520191531/1RasterProcessing/FlowAcc.asc
ncols         985
nrows         1660
xllcenter     432419.031250
yllcenter     4612607.500000
cellsize      30.000000
nodata_value  -1
[rows 700 to 769 of 1660, columns 864 to 959 of 985]
3 1 2 3 4 1 5 7 8 9 10 11 12 36 1530 1538 1541 5 27 4 2 1 1 2 5 5 1 2 1 1 2 3 1 2 1 5 7 8 220 226 3 8 1 245 1 23 2 4505 4 1 7 1 14 1 11 18 3 4 2 24 12 13 41 10 9 8 7 11 6 18 11 4 3 3 2 2 1 4 1 1 1 1 3 2 1 1 1 2 1 1 2 3 6 2 1 2
2 1 1 2 3 4 1 8 10 11 12 13 33 220 226 227 228 1770 1803 5 3 1 2 1 3 6 6 1 3 2 1 1 2 3 4 1 1 2 3 4 231 241 243 1 22 1 2507 1986 9 3 1 5 1 12 10 17 2 3 1 23 11 12 30 10 9 8 7 6 10 5 6 6 3 2 2 1 1 2 1 1 1 1 1 1 1 1 1 1 1 1 2 3 7 16 1 2
1 2 3 4 5 6 7 1 10 11 14 19 186 5 2 5 6 7 22 1834 1840 4 2 3 2 4 7 7 2 6 1 2 1 2 3 4 5 6 7 8 9 1 8 20 1 2506 1 1977 7 8 2 1 3 3 8 9 16 1 2 22 10 11 22 7 9 8 7 6 5 9 4 5 2 2 1 1 1 1 1 2 2 1 1 1 1 2 2 2 2 2 1 2 3 4 17 19
1 2 4 5 6 7 8 9 1 2 4 185 4 1 2 3 8 14 8 11 15 1856 1861 1864 1868 1871 1876 1884 1892 3 8 1 3 1 1 1 2 3 4 5 6 7 11 2494 2504 1 110 1854 12 6 7 1 2 1 2 7 8 15 1 21 9 10 13 8 6 8 7 6 5 4 8 3 4 1 1 1 1 1 2 4 4 2 1 1 2 4 7 10 3 3 3 1 1 2 7 10
1 1 3 5 8 18 19 1 2 3 181 3 3 1 2 4 5 7 10 3 1 2 6 7 60 476 489 492 493 2386 12 1 2 4 2 4 5 6 7 8 9 10 2493 8 1 10 98 1846 7 11 5 6 5 4 3 1 6 7 14 9 11 8 9 12 7 5 7 6 5 4 3 7 2 3 1 2 2 1 2 7 5 4 2 1 1 1 2 4 15 4 7 1 2 1 2 751
1 2 1 2 9 3 4 24 25 170 10 2 2 1 3 4 6 9 2 1 2 3 5 52 415 12 2 3 4 5 2392 2405 2407 2410 2415 2416 2417 2418 2419 2490 2491 2492 6 1 9 7 90 1393 452 6 10 4 3 2 1 2 1 5 6 13 8 10 7 8 11 6 4 6 5 4 3 2 6 1 1 1 3 4 3 8 1 10 3 2 2 1 1 1 2 18 23 8 2 3 749 1
2 3 1 8 2 8 9 10 14 130 9 1 1 2 3 5 8 1 1 2 3 4 46 414 11 1 2 5 6 7 14 37 39 56 59 62 63 68 70 2 3 4 1 8 6 15 74 1388 4 451 5 9 8 7 6 5 4 3 4 5 12 7 9 6 7 10 5 3 5 4 3 2 1 5 1 3 5 13 25 29 38 2 14 5 2 1 1 1 2 3 4 28 44 741 1 3
2 3 7 1 7 1 2 3 122 7 7 1 1 2 4 7 6 7 8 9 10 45 413 8 2 1 4 1 2 6 22 1 16 2 2 2 4 1 1 4 5 6 7 5 14 62 11 1372 15 3 450 4 3 2 1 3 2 1 2 3 4 11 6 8 5 6 9 4 2 4 3 2 1 4 1 2 5 11 1 3 32 75 92 98 4 2 1 1 2 3 4 5 622 51 23 6
3 4 5 6 1 2 3 25 96 6 4 2 1 3 6 5 25 26 27 28 34 412 5 2 1 3 1 2 3 9 12 15 1 1 1 1 1 2 3 1 2 3 4 13 61 9 1 1368 3 14 2 449 2 1 4 4 3 2 1 1 2 3 10 5 7 4 5 8 3 1 3 2 1 3 1 2 1 5 1 28 4 4 6 7 103 3 2 1 1 2 3 621 1 49 9 7
3 4 5 6 7 8 21 8 87 5 3 1 2 5 4 24 2 3 4 5 11 400 4 1 2 1 2 3 8 11 14 1 2 3 4 5 6 7 8 9 10 11 12 60 7 1 1346 4 17 2 13 1 446 5 5 1 5 4 3 2 1 1 2 9 4 6 3 4 7 2 1 2 1 2 1 1 2 3 27 3 3 1 2 4 12 119 3 2 1 1 2 617 1 43 5 8
2 4 5 6 7 12 7 81 5 4 2 1 4 3 23 1 1 2 3 10 395 4 3 1 1 2 3 4 10 13 5 6 7 8 28 29 30 31 46 52 55 58 59 5 1 1343 2 3 7 9 1 12 440 8 2 6 7 6 5 4 3 2 1 1 8 3 5 2 3 6 2 1 1 1 1 2 3 7 19 2 2 1 1 1 2 3 123 3 1 2 3 610 2 1 41 4
1 1 2 3 4 6 80 2 2 3 1 3 2 22 2 3 4 5 6 7 387 3 2 1 2 3 4 9 12 4 10 11 12 19 3 12 13 14 5 2 2 2 3 1 10 1332 1 2 6 4 4 10 1 431 7 19 11 10 9 8 7 6 5 4 3 7 2 4 1 2 3 1 1 1 1 2 3 15 3 1 1 1 2 3 4 5 9 136 1 152 603 2 2 1 39 1
1 2 3 4 5 79 1 1 2 1 2 1 21 1 2 3 4 5 6 382 4 2 1 1 2 3 4 11 3 9 2 3 6 2 8 2 3 4 1 1 1 7 8 9 1310 16 5 1 5 3 3 1 8 423 31 11 10 9 8 7 6 5 4 3 2 2 6 1 3 2 1 1 2 2 1 1 2 14 1 1 1 1 2 3 4 5 6 7 149 442 6 2 1 1 23 15
2 1 2 3 4 73 1 1 2 3 4 19 1 1 1 2 3 4 377 4 3 1 2 3 4 5 10 2 8 1 1 2 1 7 1 1 2 3 4 5 6 1 2 3 1306 15 1 3 4 2 2 1 7 391 41 10 9 8 7 6 5 4 3 2 1 1 1 5 4 2 1 1 3 3 1 2 5 4 2 1 1 2 1 1 2 3 4 5 433 8 3 2 1 1 21 8
16 3 1 2 67 4 1 1 1 5 7 7 1 2 3 4 5 13 359 3 2 1 1 2 3 4 1 7 2 3 4 5 6 1 2 3 4 5 6 7 1 1 2 3 1302 6 8 2 3 1 1 3 2 347 2 30 16 15 14 13 12 11 10 9 8 7 6 5 2 1 1 1 3 4 4 2 1 1 1 1 3 5 3 2 1 2 3 425 7 7 3 2 1 8 12 5
5 22 26 27 37 2 1 1 3 1 1 5 1 4 5 6 7 354 4 2 1 1 2 3 4 5 6 1 1 2 3 4 5 6 251 252 253 254 255 256 8 10 11 328 1301 5 4 3 1 2 2 1 3 15 328 1 13 12 11 10 9 8 7 6 5 4 3 2 2 1 1 2 3 4 5 5 1 1 1 1 1 2 8 12 15 16 17 421 5 6 3 2 1 7 11 2
8 11 14 15 19 2 1 1 2 3 4 1 2 1 2 3 316 37 3 1 2 3 4 5 6 7 8 9 10 11 12 13 14 244 3 4 5 6 7 8 265 266 316 19 972 2 2 3 2 1 1 2 3 11 314 13 12 11 10 9 8 7 6 5 4 3 2 1 1 1 1 2 3 4 5 6 7 3 1 1 1 2 3 4 5 6 387 8 3 4 5 2 1 6 8 2
2 2 12 14 3 1 1 1 1 2 3 4 5 6 7 312 33 3 2 1 1 2 3 4 5 6 7 8 9 10 11 12 229 2 1 2 3 4 30 47 48 49 18 434 511 7 1 1 2 1 1 2 5 5 299 14 13 12 11 10 9 8 7 6 5 4 3 2 1 1 1 1 1 4 5 12 8 4 2 2 1 2 3 4 5 224 156 4 3 2 3 4 1 5 6 1
1 11 1 1 2 1 1 1 1 2 3 4 9 10 304 28 4 2 1 1 2 3 4 5 6 7 8 9 10 11 212 216 1 1 2 3 4 25 16 15 16 17 9 424 506 4 6 5 4 1 1 2 2 4 9 289 12 11 10 9 8 7 6 5 4 3 2 1 1 2 1 2 2 2 10 13 9 5 3 1 3 1 2 3 218 131 22 2 3 2 1 2 3 4 4 1
10 1 2 3 4 2 2 2 1 2 3 4 100 293 23 4 3 1 1 2 3 4 5 6 7 8 9 62 196 200 3 1 2 3 4 5 20 15 14 6 7 8 419 4 3 502 3 2 1 3 1 1 3 2 6 250 26 12 11 10 9 8 7 6 5 4 3 2 1 3 1 2 3 6 19 1 14 10 6 10 12 16 211 214 92 38 16 5 1 2 1 1 2 3 3 1
14 19 25 33 34 48 51 3 1 1 2 99 192 16 6 3 2 1 2 3 4 5 6 7 8 26 52 133 3 2 1 2 3 4 5 14 14 13 5 1 2 413 5 3 2 497 4 3 2 1 2 2 1 5 3 190 56 13 12 11 10 9 8 7 6 5 4 3 1 4 1 2 3 4 5 25 27 42 53 178 182 194 2 3 88 37 6 9 4 1 1 1 1 1 2 2
4 5 7 5 6 1 1 53 57 59 96 191 7 8 5 2 1 1 2 3 4 5 6 7 17 25 132 2 1 3 4 5 6 7 8 13 12 4 1 2 6 404 4 2 1 13 483 3 2 1 1 1 4 2 3 158 28 55 54 53 52 51 50 45 27 20 16 7 6 1 1 3 6 7 95 97 99 114 124 3 11 1 2 2 85 36 5 6 2 2 1 1 1 1 1 2
4 6 4 4 11 16 17 18 34 36 3 187 6 7 4 1 2 3 4 5 6 7 8 9 24 129 2 1 2 1 2 3 4 5 12 11 3 1 2 3 5 398 3 1 2 12 479 7 3 2 1 3 1 2 5 152 17 10 9 8 7 6 5 4 17 6 3 8 6 1 1 3 6 87 1 1 14 9 2 9 1 1 1 1 83 35 4 4 1 1 1 1 3 1 1 1
5 3 3 6 4 4 8 15 1 2 183 3 5 6 3 1 2 3 4 5 6 7 8 23 126 2 1 1 1 2 3 4 5 6 10 2 1 2 3 4 392 5 2 1 3 6 466 5 3 2 1 2 1 4 2 149 16 15 5 4 3 2 1 4 3 16 5 2 1 4 1 2 4 76 9 13 7 1 1 7 1 1 3 82 30 4 3 2 1 1 1 2 6 1 1 1
2 2 5 3 3 3 5 6 1 177 5 2 4 5 2 1 2 3 4 5 6 7 14 122 3 1 2 3 4 5 6 7 8 9 1 1 2 3 4 386 5 4 1 2 1 4 459 6 4 3 2 1 3 1 5 148 51 18 9 8 7 6 5 4 3 2 15 4 1 3 1 3 65 10 8 3 5 1 1 6 1 1 78 23 6 3 2 1 1 1 2 4 8 2 1 1
1 4 2 2 2 4 3 8 164 12 4 1 3 4 1 1 1 2 3 4 5 6 98 23 2 1 1 2 3 4 5 6 7 69 78 79 80 117 376 5 4 3 1 2 3 1 420 37 5 4 3 1 2 4 5 75 11 32 17 8 7 6 5 4 3 2 1 14 3 2 2 3 61 9 7 2 3 1 4 5 75 77 15 7 5 2 1 1 1 2 2 7 11 2 1 1
3 1 1 1 3 2 4 3 152 11 2 1 2 3 1 1 1 2 3 4 5 97 19 3 1 2 3 4 5 6 7 8 61 8 13 17 36 19 239 4 3 2 1 1 2 3 416 33 3 2 1 2 1 3 4 63 11 10 31 8 7 6 5 4 3 2 1 13 2 1 1 2 60 8 6 1 2 3 4 53 16 7 7 6 4 1 1 2 4 2 3 10 14 4 2 1
5 1 1 2 1 3 2 2 149 8 2 1 1 2 3 5 7 8 9 10 91 15 3 2 1 1 2 3 4 5 6 52 7 12 3 18 18 8 230 3 2 1 4 5 6 7 415 14 18 17 16 4 1 2 3 51 11 10 9 30 7 6 5 4 3 2 1 4 8 1 1 50 9 7 5 1 2 3 52 8 7 6 6 5 3 1 2 3 4 5 3 28 5 3 2 1
7 13 2 1 2 1 1 9 139 4 3 1 1 2 4 8 9 10 11 80 11 3 2 1 5 6 7 8 9 10 45 6 11 2 17 17 7 224 5 2 1 3 1 2 3 10 11 396 13 12 11 11 3 1 2 8 42 10 9 8 22 10 9 4 3 2 1 3 6 1 26 23 8 6 4 1 2 3 48 7 6 5 5 4 2 1 2 3 4 9 6 37 4 1 2 1
4 5 14 3 1 2 8 55 83 2 1 2 1 3 3 2 3 4 68 7 3 2 1 4 3 4 5 6 20 34 5 10 1 16 16 6 6 217 4 1 2 3 4 5 6 11 21 395 16 4 2 10 10 2 1 3 4 41 9 8 7 11 5 4 3 2 1 2 5 25 11 11 7 5 3 1 2 39 8 6 5 4 4 3 1 1 2 3 4 5 15 48 2 3 2 1
7 8 14 29 4 5 54 73 6 3 1 1 2 2 1 1 2 60 3 6 2 1 3 2 2 4 10 13 13 4 9 9 15 15 5 5 31 185 3 1 2 4 5 6 10 9 14 328 15 11 1 1 9 9 1 2 3 30 10 8 7 6 5 4 3 2 1 1 4 24 10 10 6 4 2 1 30 8 7 5 4 3 3 2 1 2 3 4 5 6 7 64 6 3 2 1
7 12 16 22 52 53 45 27 3 2 2 1 1 1 2 3 21 36 2 5 1 2 1 1 1 5 2 12 3 8 8 5 14 4 4 30 5 179 2 1 3 1 2 3 8 13 40 202 85 14 10 9 8 8 8 1 2 21 8 9 7 6 5 4 3 2 1 1 2 23 9 9 5 3 1 2 27 7 6 4 3 2 2 1 1 2 3 4 5 6 7 79 10 3 1 2
4 3 5 4 10 44 19 7 2 1 1 2 3 4 5 17 33 2 1 4 1 1 2 3 4 1 11 2 7 7 4 13 3 3 29 4 175 3 1 2 4 5 6 7 12 10 29 201 81 3 13 12 7 7 7 7 1 9 11 7 8 6 5 4 3 2 1 1 13 9 8 8 4 2 1 20 6 6 5 3 2 1 1 1 2 3 4 5 6 7 8 9 90 4 2 3
2 4 3 5 4 29 18 2 4 1 1 1 2 3 11 30 2 1 3 4 5 6 7 8 9 10 1 6 6 3 12 2 2 28 3 68 106 2 1 3 5 6 7 11 9 28 7 193 79 1 2 1 4 6 6 6 6 8 5 5 6 7 5 4 3 2 1 1 11 8 7 7 3 1 2 17 5 5 4 2 1 3 1 1 1 1 2 3 4 5 6 17 29 124 3 4
3 2 4 3 4 24 15 2 1 3 1 2 3 7 23 6 1 2 3 1 2 3 1 2 3 4 5 5 2 11 1 1 27 2 67 102 3 1 2 4 1 2 3 8 27 6 1 191 30 48 6 2 1 3 5 5 5 5 7 4 4 5 6 4 3 2 1 1 9 7 6 6 2 1 11 5 4 4 3 1 2 1 4 2 2 2 3 4 5 6 10 2 4 5 133 5
1 3 2 3 3 20 5 9 1 2 1 2 3 15 7 5 1 2 1 2 3 4 4 1 2 3 4 1 10 24 25 26 1 66 20 81 2 1 3 4 5 6 7 26 5 5 14 190 29 6 35 3 2 1 2 4 4 4 4 6 3 3 4 5 3 2 1 4 4 6 5 5 1 7 3 4 3 3 2 1 3 4 6 11 3 3 1 1 2 3 1 3 2 3 4 143
2 1 2 2 3 16 4 7 1 1 2 3 14 4 2 4 1 1 2 3 4 5 10 5 6 7 8 9 23 62 63 64 65 19 75 5 1 2 3 4 5 6 25 4 4 8 2 173 14 14 5 34 29 2 1 1 3 3 3 3 5 2 2 3 4 2 1 3 3 5 4 4 3 3 2 3 2 2 1 2 1 2 3 4 16 4 4 2 1 1 2 1 1 2 3 4
1 1 1 2 2 13 3 3 3 1 2 5 5 3 1 3 1 2 3 4 5 6 7 18 19 20 21 22 61 5 11 17 18 1 73 4 1 2 3 5 7 18 3 3 7 1 3 169 8 5 13 4 4 26 4 3 2 2 2 2 2 4 1 1 2 3 1 2 2 4 3 3 2 2 1 2 1 1 1 1 2 3 4 5 6 23 28 5 3 2 1 1 1 2 3 4
2 1 1 1 4 8 2 2 2 1 2 2 2 2 2 1 2 3 4 5 6 7 8 9 49 51 57 60 4 5 5 4 10 61 11 3 1 2 4 1 10 2 2 6 1 2 91 77 3 4 4 12 3 3 21 11 9 1 1 1 1 1 3 2 1 1 2 1 1 3 2 2 1 1 1 1 1 1 1 1 2 3 4 5 6 7 8 37 43 4 4 1 2 3 4 5
3 1 2 3 4 3 1 1 1 1 1 1 1 1 1 2 3 4 5 6 7 8 9 39 1 5 2 3 4 4 3 5 7 43 10 2 1 3 8 9 1 1 5 1 2 3 90 74 2 2 3 3 11 2 2 9 1 8 7 6 5 4 3 2 1 2 1 1 1 1 1 1 1 2 1 1 3 3 1 1 2 3 4 5 6 7 8 9 10 63 69 74 2 1 2 3
1 2 1 1 2 1 1 1 1 2 1 1 2 1 1 2 3 4 5 6 7 8 16 29 4 1 2 3 3 2 4 6 4 38 9 1 2 7 1 2 3 4 1 2 3 17 69 69 4 1 1 2 2 10 1 1 8 7 6 5 4 3 2 1 3 1 1 1 1 1 1 1 1 2 3 2 5 5 1 1 1 2 3 4 5 6 7 8 9 1 2 4 80 83 84 85
3 2 1 1 1 1 1 1 2 1 3 2 1 3 2 1 2 3 4 5 6 7 10 2 3 1 2 2 1 3 5 3 26 11 8 1 6 6 7 8 9 10 11 12 13 1 67 67 1 3 2 1 1 1 9 8 7 6 5 4 3 2 1 4 2 2 1 2 2 2 2 1 2 3 6 4 8 6 3 1 1 2 3 4 5 6 7 8 9 1 1 1 1 2 3 4
3 2 2 1 1 1 2 2 2 3 2 4 3 2 4 3 4 5 6 7 8 9 1 1 1 1 1 1 2 4 2 25 6 4 7 5 5 5 6 7 8 9 10 11 12 13 53 54 12 11 10 9 8 7 6 5 4 3 2 1 1 1 5 3 3 2 3 1 3 3 3 2 1 2 3 10 5 15 4 2 1 1 2 3 4 5 6 7 8 10 1 1 1 1 2 3
3 3 2 1 2 1 2 3 3 3 4 7 4 3 5 1 1 1 2 3 4 5 6 7 8 9 1 2 3 1 24 5 3 6 4 4 4 4 5 6 7 8 9 10 33 47 5 15 38 12 11 10 9 8 7 6 5 4 3 2 2 6 4 4 3 4 2 1 4 4 6 1 1 1 2 3 11 21 5 3 2 1 1 2 3 4 5 6 7 9 11 2 2 2 1 1
4 3 2 1 3 1 2 3 4 4 4 12 5 9 1 2 1 2 3 4 5 6 7 8 9 10 20 21 22 23 4 2 5 3 3 3 3 3 11 13 17 20 21 22 13 3 1 14 25 10 9 8 7 6 5 4 3 2 1 3 7 5 5 4 5 3 2 5 1 5 7 2 2 1 1 2 6 33 6 4 3 1 2 1 2 3 4 5 6 14 10 12 3 3 3 2
4 3 2 4 1 1 2 5 4 5 9 13 6 10 2 3 1 2 1 1 2 3 4 5 6 7 8 1 2 3 1 4 2 2 2 2 2 7 1 3 2 2 4 12 2 2 9 4 14 9 8 7 6 5 4 3 2 1 4 8 6 6 5 6 4 3 6 2 1 6 8 3 4 1 1 2 3 10 50 1 5 4 2 3 1 2 3 4 5 6 21 11 13 4 4 4
4 3 5 2 1 2 1 1 7 12 15 14 7 11 3 4 2 1 3 2 1 2 3 4 5 6 1 9 1 2 3 1 1 1 1 1 6 1 2 1 1 1 7 1 1 4 2 3 2 2 1 1 3 2 1 7 6 5 9 7 7 6 7 5 4 7 3 2 1 7 9 4 5 2 1 1 2 3 6 57 2 6 5 3 4 1 2 3 1 1 2 24 12 14 5 5
8 6 3 2 1 1 3 5 6 7 35 15 8 12 4 5 3 1 2 4 3 1 2 3 4 5 7 2 10 1 1 1 2 3 4 5 1 2 3 4 5 6 1 2 3 1 1 1 1 1 2 4 2 1 8 1 1 10 8 8 7 8 6 5 8 4 3 2 1 8 10 5 6 3 2 1 1 2 1 2 60 63 70 6 10 15 16 1 4 2 1 1 25 13 20 7950
15 4 3 2 1 1 2 3 4 7 8 51 9 13 5 6 4 2 1 3 5 4 5 6 7 8 6 8 3 11 2 2 3 4 5 1 1 2 3 4 5 6 7 8 9 10 11 12 13 15 11 4 1 9 2 2 11 9 9 8 9 7 6 9 5 4 3 2 9 11 1 1 12 4 3 2 1 2 4 5 6 7 8 79 80 81 82 17 2 5 3 2 2 41 7924 5
20 4 3 2 1 1 2 1 2 2 4 13 74 14 6 7 5 3 2 1 4 6 1 2 3 4 13 28 1 4 12 3 1 1 1 6 2 1 2 3 4 5 6 7 8 9 10 11 12 28 26 14 13 3 3 12 10 10 9 10 8 7 10 6 5 4 3 10 12 2 1 1 2 17 4 3 1 1 1 2 3 4 1 1 2 3 4 83 18 21 6 10 37 7853 29 4
25 4 3 2 1 1 2 3 1 1 2 4 5 75 21 8 6 4 3 2 1 5 7 8 9 10 11 12 41 2 5 13 4 2 2 2 7 3 4 5 6 7 8 9 10 11 12 13 14 55 1 1 5 4 13 11 11 10 11 9 8 11 7 6 5 4 11 13 1 3 2 2 1 20 8 2 1 1 1 2 3 4 9 2 1 1 1 5 84 1 23 24 7790 25 8 20
30 4 3 2 1 1 2 3 4 1 1 2 4 10 86 30 7 5 4 3 1 2 6 1 2 3 4 5 6 48 3 6 14 5 3 3 3 8 1 2 3 4 5 6 7 8 9 10 11 70 2 7 15 14 12 12 11 12 10 9 12 8 7 1 10 12 14 1 2 4 3 3 1 2 29 4 2 1 1 1 1 2 3 10 3 2 2 2 6 91 92 7780 9 16 8 7
35 4 3 2 1 1 4 1 4 5 1 1 2 4 6 93 31 13 5 4 2 1 3 7 1 1 2 3 4 5 54 4 21 1 6 4 4 4 9 10 11 12 13 14 15 16 17 18 1 82 3 23 1 13 13 12 13 11 10 13 9 8 1 2 11 13 16 1 3 5 4 4 2 1 32 7 1 2 1 2 2 1 1 4 11 4 3 3 6 42 7621 66 8 7 8 7
44 4 3 2 1 1 2 5 2 5 6 1 1 1 2 4 98 143 6 5 3 2 1 4 8 2 1 2 3 4 5 60 65 23 7 1 5 5 5 1 2 3 4 5 6 7 8 9 19 84 4 25 14 14 13 14 12 11 14 10 9 2 1 3 12 14 17 2 4 6 5 5 3 2 33 9 1 1 3 2 3 3 2 2 5 12 17 21 35 7568 10 50 15 7 6 7
52 7 3 2 1 1 4 6 3 1 6 7 1 1 1 2 4 5 149 12 4 3 1 2 5 9 3 1 1 2 3 4 5 71 31 2 6 6 1 6 7 8 9 10 11 12 13 14 10 104 30 15 15 14 15 13 12 15 11 10 3 2 1 1 4 27 18 3 5 7 6 6 4 3 34 10 2 1 2 4 3 4 4 3 3 6 7 13 7560 7 9 39 10 14 6 5
187 1 3 1 2 1 2 11 4 1 2 7 8 2 1 1 1 3 5 167 5 4 2 3 6 10 1 4 2 1 2 3 4 5 77 34 7 7 1 2 1 2 3 4 5 6 7 8 23 34 200 16 15 16 14 13 16 12 11 4 3 1 1 2 2 32 19 4 6 8 7 7 5 4 35 11 3 2 1 3 5 4 5 5 4 4 5 7554 5 6 8 30 8 9 13 5
4 189 5 1 3 1 2 3 12 5 2 3 8 9 3 1 1 1 1 2 170 10 3 4 7 11 1 2 5 3 4 5 6 7 8 86 35 15 2 1 3 4 5 6 7 8 9 10 11 12 213 16 17 15 14 17 25 12 5 4 2 1 1 2 3 35 20 5 7 9 8 8 6 5 36 12 4 3 2 4 1 6 5 6 12 7511 7543 10 4 5 7 15 14 7 8 12
1 194 6 2 4 1 2 3 4 13 6 3 12 10 4 1 2 3 4 7 9 195 196 200 5 19 2 3 6 1 1 1 2 3 4 5 92 51 3 1 2 1 2 3 4 5 6 7 8 9 10 230 33 15 18 26 1 11 5 3 2 1 1 2 3 39 21 6 8 10 9 9 7 6 37 13 5 4 3 5 2 1 8 7463 7494 24 7 9 3 4 6 7 7 13 6 7
5 196 7 3 5 1 2 3 4 5 14 7 16 11 5 1 2 1 2 1 3 2 4 5 206 231 3 4 7 1 2 2 1 2 3 4 5 149 1 4 2 3 4 5 6 7 8 9 10 11 12 241 34 34 27 2 12 5 4 3 2 1 1 2 3 43 22 7 9 11 10 10 8 1 7 51 6 1 5 9 1 4 7449 30 8 15 6 8 2 3 5 6 6 6 6 5
2 204 8 4 6 1 2 3 4 5 11 26 24 12 6 2 1 3 1 2 1 1 2 2 4 7 239 243 5 9 3 1 3 1 2 3 4 5 155 6 1 3 1 2 3 4 5 1 1 1 1 13 276 62 3 13 6 1 7 3 2 1 1 2 5 47 23 8 10 12 11 11 1 9 2 59 7 1 3 7413 7429 7444 11 18 7 14 5 7 1 2 4 5 5 5 5 4
1 2 213 11 1 1 2 3 4 5 6 7 34 37 7 3 1 2 4 1 1 1 1 1 2 2 5 8 252 267 1 4 2 4 1 2 3 4 5 161 7 2 4 5 6 7 8 14 2 2 2 2 290 66 14 7 2 8 1 3 2 1 1 2 3 56 24 20 1 1 13 12 12 2 10 72 1 7393 7395 15 8 6 10 17 6 13 4 4 2 1 3 4 4 4 4 3
2 1 216 13 1 1 2 3 4 9 10 13 14 49 38 11 2 1 3 5 3 1 1 1 1 2 2 2 5 8 276 2 5 3 5 1 2 3 4 5 167 8 3 1 2 3 4 5 20 23 5 3 291 67 22 3 9 2 4 3 2 1 1 2 3 4 101 1 1 1 2 14 13 13 16 89 7384 1 9 5 7 5 9 16 5 9 3 3 3 1 2 3 3 3 3 2
1 3 218 15 1 2 3 1 4 1 2 2 4 5 50 89 103 1 2 4 9 2 2 1 1 1 1 2 2 2 6 283 3 9 1 6 1 2 3 4 5 173 9 4 1 2 3 4 5 6 30 9 292 68 26 10 3 5 4 3 2 1 1 2 3 1 107 1 1 3 2 3 18 41 7273 7289 5 3 5 4 6 4 8 15 4 6 2 2 2 2 1 2 2 2 2 1
2 1 222 16 2 3 4 2 5 1 1 1 2 3 9 10 1 104 2 3 5 12 3 2 1 1 1 1 1 3 2 3 287 300 1 2 7 1 2 3 4 5 179 10 5 1 2 3 4 5 6 31 302 69 27 14 6 5 4 3 1 2 1 2 4 2 109 1 1 1 5 8 9 7231 10 5 4 2 4 3 5 3 7 14 3 3 2 1 1 1 1 1 1 1 1 1
1 3 224 19 1 4 5 8 2 2 1 1 2 3 4 5 11 2 105 108 112 130 4 3 2 1 2 1 2 1 2 4 5 6 301 2 3 8 1 2 3 4 5 185 11 6 1 2 3 4 5 7 341 70 28 15 32 5 4 1 2 3 2 3 5 112 2 1 1 2 3 4 7219 11 9 4 3 1 3 2 4 2 6 13 2 1 1 1 1 1 1 1 1 1 1 1
1 2 228 20 2 5 6 11 5 2 1 1 1 2 3 4 6 12 3 110 112 114 245 8 3 2 1 3 1 1 1 1 4 7 14 316 3 4 9 1 1 2 3 4 190 12 19 20 21 22 23 29 30 372 71 100 1 33 40 2 3 4 3 7 6 113 118 1 1 2 7173 7201 13 10 4 4 3 2 2 1 3 1 5 12 1 1 1 2 2 2 1 2 2 2 1 2
1 2 3 249 3 6 18 6 3 2 1 1 1 2 3 4 9 28 106 1 1 2 3 257 4 3 2 4 1 2 1 2 2 2 5 6 323 8 1 10 2 3 4 5 6 197 1 1 2 3 4 5 1 2 375 1 101 103 1 41 4 5 1 1 9 16 1 120 2 7170 14 13 12 5 4 3 3 2 1 1 2 4 5 6 7 8 2 6 3 1 2 3 3 3 2 3
1 2 3 253 4 25 7 4 4 3 2 1 1 2 3 4 5 66 11 1 1 1 2 3 258 8 3 5 1 2 3 1 1 2 2 4 5 329 9 2 11 1 2 3 4 5 203 2 1 2 3 4 10 1 2 376 378 1 104 2 42 5 6 2 1 2 19 20 7167 1 12 12 6 5 4 3 2 2 1 1 3 4 5 6 1 2 11 9 4 2 3 4 4 4 3 4
1 2 3 257 5 33 5 8 3 2 1 2 1 2 3 4 5 60 9 3 1 1 2 3 7 267 4 6 2 1 3 4 1 1 1 1 2 3 333 10 3 12 1 2 3 4 5 209 3 4 5 6 7 18 1 4 1 379 2 105 3 43 6 13 569 570 6998 7018 8 1 11 6 5 5 4 3 2 1 1 2 3 4 5 1 2 3 4 12 14 3 4 5 5 5 4 5
2 1 3 4 296 6 9 4 3 2 1 1 4 1 2 3 4 54 5 1 1 1 2 3 4 279 5 7 1 3 2 4 5 1 2 3 6 7 8 342 14 1 13 1 1 2 3 4 214 215 216 1 2 3 22 1 5 2 380 3 106 110 552 553 1 6419 8 19 7 6 5 5 5 4 4 3 2 1 1 2 3 4 4 5 6 7 8 5 27 4 5 6 6 6 5 6
