LoganDemo/Sep2520191531/1RasterProcessing/FlowAcc.asc
ncols         985
nrows         1660
xllcenter     432419.031250
yllcenter     4612607.500000
cellsize      30.000000
nodata_value  -1
[rows 630 to 699 of 1660, columns 288 to 383 of 985]
1 1 1 2 2 3 3 3 7 2 3 21 5 14 6 2 5 4 4 3 4 4 2 1 1 1 1 1 1 2 3 4 5 6 42 49 56 8 4 5 5 4 5 3 1 2 3 4 5 6 7 7 5491 55 54 9 2 21 5 4 3 2 1 5 4 3 2 1 65 13 2 1 1 2 2 18 15 4 3 2 1 4 4 3 2 1 1 2 3 4 5 6 7 162 731 5
1 1 1 1 2 2 2 6 1 2 4 16 4 13 5 1 4 3 3 2 3 2 1 1 1 2 4 1 1 2 3 4 5 6 7 8 9 66 75 80 6 6 10 1 4 1 2 3 4 5 6 11 5490 7 3 44 8 1 15 14 13 12 11 10 4 3 2 1 5 59 10 3 2 1 1 1 2 10 4 3 2 1 3 3 2 1 1 2 3 4 5 6 7 154 696 34
2 2 1 1 1 1 3 2 1 3 10 5 3 12 3 1 3 2 2 1 2 1 1 2 3 4 5 10 12 13 14 25 26 32 33 34 35 36 37 38 119 126 133 11 2 5 6 7 8 9 10 184 5285 2 3 2 43 7 6 5 4 3 2 1 9 3 2 1 4 17 41 6 5 4 3 2 1 1 5 4 3 2 1 2 2 1 1 2 3 4 5 6 7 139 680 15
3 3 2 1 1 1 1 1 2 2 7 4 2 10 1 2 2 1 1 1 1 1 1 1 1 2 3 4 6 8 10 4 5 1 6 7 8 9 20 23 25 27 29 163 175 178 179 180 181 182 183 10 5271 3 1 2 1 42 18 17 16 15 14 13 1 4 3 2 1 3 16 40 37 11 10 9 8 7 6 5 4 3 2 1 1 1 1 2 3 4 5 19 25 113 677 2
1 4 3 2 2 1 1 1 1 2 4 3 1 8 1 1 1 1 2 3 4 6 2 2 2 1 1 1 1 1 3 2 3 4 1 2 3 10 2 1 1 1 1 2 3 4 5 6 7 8 9 1 5265 4 2 1 1 8 15 14 13 12 11 10 12 5 4 3 2 1 2 15 2 25 12 11 10 9 8 7 6 5 4 3 2 1 1 2 5 9 13 5 12 100 4 672
1 5 4 5 2 2 1 1 1 1 2 2 1 5 1 1 2 3 4 5 6 1 8 3 3 3 2 2 1 2 1 1 2 3 4 5 6 1 1 2 1 1 1 2 3 4 5 6 7 8 9 227 5037 223 3 2 1 1 6 5 4 3 2 1 9 6 5 4 3 2 1 1 14 1 12 11 10 9 8 7 6 5 4 3 2 1 1 2 3 3 4 5 6 99 3 657
1 1 10 8 3 2 2 1 1 1 1 1 2 1 1 1 2 3 4 5 6 13 14 9 4 4 8 3 3 1 1 1 2 1 1 1 1 1 1 2 5 7 9 10 11 179 180 181 182 183 199 217 4813 11 222 221 220 219 218 217 216 215 214 213 206 8 7 6 5 4 3 2 1 13 12 11 10 9 8 7 6 5 4 3 2 1 1 2 2 3 4 5 6 92 2 3
1 1 12 12 3 3 2 2 4 2 1 1 1 1 1 2 3 1 2 3 4 5 6 21 31 36 37 46 50 4 2 2 3 6 8 10 2 2 4 5 150 158 160 164 167 2 3 4 5 15 1 17 4771 30 10 9 8 7 6 5 4 3 2 1 6 205 192 191 190 189 188 187 184 178 12 11 10 9 8 7 6 5 4 3 2 1 1 1 2 3 4 5 5 86 1 2
1 1 14 16 4 3 3 8 3 2 1 1 2 2 2 1 1 5 6 7 8 9 10 18 21 23 25 27 29 81 93 96 97 98 111 115 129 135 139 144 7 1 3 2 1 1 2 3 9 2 3 12 31 4739 29 10 9 8 7 6 5 4 3 2 1 5 12 11 10 9 6 5 2 5 165 87 11 10 9 8 7 6 5 4 3 2 1 1 2 3 4 4 5 78 2 1
1 2 31 22 17 13 9 4 3 2 1 1 2 5 8 3 2 1 1 2 3 5 7 2 1 1 1 1 1 7 2 4 9 12 3 3 3 3 4 5 1 2 1 1 2 3 4 5 1 1 11 1 29 4737 1 18 17 16 15 14 13 12 11 10 9 8 4 3 2 1 2 1 4 1 4 77 75 10 9 8 7 6 5 4 3 2 1 1 2 3 3 4 5 70 2 1
1 3 54 13 12 11 10 5 4 3 2 1 1 2 3 12 16 3 2 1 1 1 1 1 2 3 4 5 6 1 1 4 2 2 2 2 2 3 2 2 1 1 2 3 4 5 6 7 8 9 11 12 16 4656 80 79 66 65 64 63 62 61 60 59 58 57 7 6 5 4 3 2 1 3 1 2 76 64 9 8 7 6 5 4 3 2 1 1 2 2 3 4 5 62 2 1
2 58 23 9 8 7 6 5 4 3 2 1 1 2 3 4 5 22 26 3 2 1 1 1 1 1 1 1 1 2 3 1 1 1 1 1 1 1 1 1 1 2 3 4 5 6 7 8 9 10 10 11 4 4653 2 1 12 11 10 9 8 7 6 5 4 3 56 17 16 15 14 9 8 4 2 1 3 72 54 8 7 6 5 4 3 2 1 1 1 2 3 4 5 54 2 1
61 27 3 2 1 6 5 4 3 2 1 1 1 2 3 4 5 6 7 34 4 3 2 2 2 2 2 2 2 1 1 1 1 1 1 1 1 1 1 1 1 1 2 3 4 5 6 7 8 9 1 2 3 4549 103 38 10 9 8 7 6 5 4 3 2 1 2 38 3 2 1 4 2 3 3 1 2 4 67 45 8 7 6 5 4 3 2 1 1 2 3 4 3 49 1 1
45 17 16 15 14 7 6 5 4 3 2 1 1 2 3 4 5 6 7 8 43 48 4 3 3 3 3 3 3 3 2 2 2 2 2 2 2 2 2 2 2 2 1 1 1 2 3 4 5 6 7 8 4537 5 6 64 27 26 25 24 6 5 4 3 2 1 1 34 4 3 2 1 1 1 2 2 1 3 5 61 36 7 6 5 4 3 2 1 1 2 3 2 6 41 1 1
20 19 18 17 15 8 7 6 5 4 3 1 1 2 3 4 5 6 13 15 17 19 68 73 4 4 4 4 4 4 4 3 3 3 3 3 5 1 3 3 3 3 3 2 2 3 4 5 6 7 8 441 204 3883 4 5 63 62 6 3 17 5 4 3 2 1 1 21 7 6 5 4 3 2 1 1 1 2 4 5 55 28 21 15 10 6 2 1 1 2 1 5 5 34 1 1
6 5 2 1 1 6 5 4 3 2 1 1 1 2 3 4 5 6 1 1 1 1 2 3 89 94 99 5 5 5 5 10 14 18 22 26 225 231 233 237 241 245 383 395 398 412 418 424 430 431 432 1 202 3877 5 3 4 3 55 2 2 11 5 4 3 2 1 10 10 9 8 7 6 5 4 3 2 1 3 4 6 48 6 5 4 3 3 1 1 1 4 4 2 30 1 1
2 1 2 1 1 1 6 5 4 3 2 1 1 2 3 4 5 6 7 8 9 10 11 12 49 53 57 159 167 173 179 180 189 191 193 195 2 4 107 115 126 134 8 8 13 5 5 5 1 2 12 20 181 3874 2 4 2 1 2 54 1 1 5 4 3 2 1 1 9 8 7 6 5 4 3 2 1 1 2 3 5 41 6 5 4 3 2 1 1 2 3 1 1 27 1 1
5 4 3 2 17 15 8 7 6 5 4 2 1 1 2 3 4 5 6 7 36 41 45 48 3 3 2 2 2 4 6 8 1 1 1 1 1 102 7 10 7 7 7 4 4 4 4 1 2 9 7 14 166 3838 35 1 3 2 1 1 53 52 51 50 49 48 47 43 10 9 8 7 6 5 4 3 2 1 1 2 4 6 34 5 4 3 2 1 1 2 1 2 7 18 1 1
30 29 28 27 9 8 7 6 5 4 3 2 1 1 2 3 4 5 6 28 4 3 2 2 2 1 1 1 1 1 1 1 2 3 4 95 101 6 9 6 6 6 3 3 3 3 1 4 6 6 13 163 165 42 3795 34 22 11 10 9 8 7 6 5 4 3 2 2 32 20 9 8 7 6 5 4 3 2 1 1 3 5 28 5 4 3 2 1 1 2 3 4 15 2 1 2
1 1 1 1 8 7 6 5 4 3 2 1 1 1 2 3 4 15 21 3 2 1 1 1 1 2 3 4 5 6 7 8 76 84 90 5 5 8 5 5 5 2 2 2 2 1 2 1 5 12 162 1 10 31 994 2800 11 10 9 8 7 6 5 4 3 2 1 1 1 11 10 9 8 7 6 5 4 3 2 1 2 4 5 22 4 3 2 1 1 2 3 4 10 1 1 4
2 2 2 9 10 9 8 7 6 5 4 3 1 1 2 6 10 5 2 1 1 2 3 4 5 6 7 8 9 59 63 67 7 5 4 4 7 4 4 4 1 1 1 1 1 2 3 4 11 161 5 9 4 26 993 2501 298 10 9 8 7 6 5 4 3 2 1 1 2 1 10 9 8 7 6 5 4 3 2 1 1 3 4 18 3 3 2 1 1 2 3 4 5 1 2 62
69 66 63 23 12 11 10 9 8 7 4 3 1 1 3 3 4 1 1 2 3 4 5 6 7 8 41 45 49 3 3 6 4 3 3 6 3 3 3 2 3 4 5 6 7 8 9 10 160 4 3 3 3 22 992 2496 4 297 46 9 8 7 6 5 4 3 2 3 13 12 11 10 9 8 7 6 5 4 3 2 1 2 3 4 13 2 2 1 1 2 3 4 12 13 59 2
9 6 3 30 27 24 21 3 2 1 2 1 1 1 2 3 4 8 9 10 17 20 23 26 29 32 3 3 2 2 5 3 2 2 5 2 2 2 1 1 2 3 4 5 6 7 8 159 3 2 2 2 2 19 991 2495 3 180 70 36 35 34 33 32 31 30 29 25 11 10 9 8 7 6 5 4 3 2 1 2 1 1 2 3 10 2 1 1 2 3 4 11 9 15 30 1
2 2 2 2 2 2 2 17 14 10 3 2 1 1 2 3 3 2 4 6 2 2 2 2 2 2 2 1 1 4 2 1 1 4 1 1 1 1 2 3 4 5 6 7 8 146 150 2 1 1 1 1 18 4 986 2494 2 164 15 69 18 17 16 15 14 13 12 11 10 9 8 7 6 5 4 3 2 1 3 1 1 1 1 2 3 6 1 1 2 5 6 8 5 25 3 1
1 1 1 1 1 1 1 1 2 3 6 3 1 1 2 2 1 1 1 1 1 1 1 1 1 1 1 2 3 1 1 2 3 1 2 3 4 5 6 7 8 9 10 134 137 3 1 1 2 3 9 17 3 979 6 2493 1 2 161 14 50 49 48 47 46 45 44 43 42 41 40 39 38 36 34 31 15 14 10 8 6 4 3 1 2 4 1 1 2 4 7 4 16 8 2 1
1 1 1 4 3 2 1 1 1 1 2 2 1 1 1 1 2 3 4 5 6 7 8 9 10 11 12 13 14 15 16 17 18 19 20 21 22 23 24 25 53 120 123 2 2 1 2 3 4 5 7 2 36 942 5 2489 3 1 79 81 13 12 11 10 9 8 7 6 5 4 3 2 1 1 1 2 15 13 11 8 6 4 2 2 1 2 1 1 3 2 3 3 12 7 1 2
2 2 5 1 4 3 2 5 3 2 1 1 1 1 2 3 4 5 6 7 8 9 10 11 12 13 14 15 16 17 18 19 20 21 22 23 24 25 26 27 66 2 1 1 1 2 3 4 5 6 1 35 26 915 4 2485 3 2 1 77 80 14 13 12 11 10 9 8 7 6 5 4 3 2 1 1 1 1 1 2 1 1 1 1 1 1 1 2 1 2 2 4 7 6 1 12
3 6 2 6 1 13 12 6 5 4 3 2 1 1 2 3 4 5 6 7 8 9 10 11 12 46 50 53 54 55 56 57 58 59 60 61 62 63 64 65 1 1 2 3 4 5 6 7 8 9 34 25 900 14 3 2483 1 2 1 76 60 5 4 3 2 1 14 13 12 11 10 9 8 7 6 4 3 2 1 1 1 1 1 1 1 1 1 1 1 1 1 2 6 5 1 10
40 33 30 23 22 8 7 6 5 4 3 2 1 1 2 3 4 5 6 7 8 17 19 30 33 3 2 2 3 4 5 6 7 8 9 10 11 12 13 14 15 16 17 18 19 20 21 22 23 24 24 899 12 1 2 3 2479 3 1 75 16 43 42 41 40 39 24 23 22 21 20 19 18 17 16 15 13 11 9 3 2 2 2 1 2 2 2 2 1 1 1 2 3 4 5 4
76 56 50 46 9 8 7 6 5 4 3 2 1 1 2 3 4 5 6 7 8 1 10 2 2 1 1 1 2 3 4 5 6 7 8 9 10 11 12 13 14 15 16 17 18 19 20 21 22 23 898 8 3 1 2 9 2475 3 2 1 73 15 14 13 12 11 10 9 8 7 6 5 4 3 2 1 1 1 1 4 3 3 1 2 3 3 3 4 2 1 1 1 2 3 4 2
14 5 5 3 36 29 7 6 5 4 3 2 1 1 2 3 4 5 6 7 8 9 1 1 1 2 3 4 5 6 7 8 9 10 11 12 13 14 15 16 17 18 19 20 21 22 23 24 25 897 4 3 2 1 8 10 272 2180 2 1 2 70 15 14 13 12 11 10 9 8 7 6 5 4 3 2 1 1 1 1 4 2 1 3 4 4 8 3 2 2 1 1 1 2 3 1
9 4 4 4 2 6 21 7 6 5 4 3 1 1 2 3 4 5 6 7 8 9 10 11 12 13 14 15 16 17 18 19 20 21 22 23 24 25 26 27 28 29 30 31 32 33 34 35 860 11 3 2 1 7 9 48 3 220 2179 1 1 38 16 15 14 13 12 11 10 9 8 7 6 5 4 3 2 2 2 5 3 2 1 4 5 5 12 3 3 2 4 2 1 1 1 1
3 5 3 3 3 1 5 13 10 6 2 1 1 1 3 4 5 6 7 8 9 10 11 12 13 14 15 16 17 18 19 20 21 22 23 24 25 26 27 28 29 30 31 32 33 34 35 824 7 3 2 1 6 8 10 37 2 20 199 2178 73 20 17 16 15 14 13 12 11 10 9 8 7 6 5 4 3 3 6 4 3 1 2 5 6 18 4 4 11 8 3 2 1 1 1 1
2 2 2 2 2 2 2 2 2 3 3 2 1 1 1 2 3 4 5 6 7 8 9 10 11 12 13 14 15 16 17 18 19 20 21 22 23 24 25 26 27 28 29 30 31 32 788 3 3 2 1 5 7 9 10 26 1 19 198 2096 8 72 19 18 17 16 15 14 13 12 10 4 3 2 1 1 4 7 1 8 1 2 3 6 7 23 21 16 4 3 2 1 2 2 2 1
1 1 1 1 1 1 1 1 1 1 2 1 1 1 2 3 4 5 6 7 8 9 10 11 12 13 14 15 16 17 18 19 20 21 22 23 24 25 26 27 28 29 30 31 32 752 3 2 2 1 4 6 8 9 10 15 18 2 195 129 1966 7 71 7 6 5 4 3 2 1 1 5 4 3 2 5 1 9 1 9 2 3 4 7 31 25 3 2 1 1 1 1 5 3 2 2
1 1 1 1 1 1 1 1 1 1 1 2 1 1 2 3 6 7 8 9 10 11 12 13 14 15 16 17 18 19 20 21 22 23 24 25 26 27 28 29 30 31 32 33 273 446 2 1 1 3 5 7 8 9 14 17 1 187 7 128 1965 6 40 23 9 8 7 6 5 4 3 2 1 1 6 1 2 11 1 12 1 4 12 32 27 1 1 1 2 2 2 1 9 3 3 3
2 2 2 2 2 2 2 2 2 2 3 2 1 1 1 2 1 2 3 4 5 6 7 8 9 10 11 12 13 14 15 16 17 18 19 20 21 22 221 230 233 235 237 239 437 7 1 1 2 4 6 7 8 13 5 11 186 6 121 6 1964 5 1 38 13 11 6 5 4 3 2 1 2 7 1 2 3 12 2 14 1 5 45 28 1 2 2 3 3 3 1 11 4 4 4 3
3 3 3 3 3 3 3 3 3 4 3 2 2 1 1 1 2 3 4 5 6 7 8 9 10 11 12 13 14 15 16 17 18 19 20 21 22 198 8 2 1 1 1 143 293 5 1 1 3 5 6 7 12 4 10 185 5 114 6 5 7 1956 4 32 5 1 4 3 2 1 1 3 8 2 1 3 4 13 17 1 2 51 29 2 3 3 4 4 4 1 13 5 5 5 4 4
1 7 4 4 4 4 4 4 5 1 6 3 2 2 1 1 2 4 5 6 7 8 9 10 11 12 13 14 15 16 17 18 19 20 21 168 175 7 1 1 2 3 137 5 292 3 1 2 4 5 6 11 3 9 184 4 13 100 5 4 6 348 1607 3 31 4 3 2 1 2 4 9 3 2 1 4 5 31 2 3 52 30 3 4 4 5 5 5 1 15 6 53 47 41 36 31
1 12 5 5 5 5 5 6 1 2 10 3 3 2 1 1 1 2 3 4 5 6 7 8 9 10 11 12 13 14 15 16 58 61 146 6 6 3 4 9 12 15 118 4 291 2 1 3 4 5 10 2 8 183 3 10 2 99 4 3 5 2 345 1606 2 30 5 4 3 5 10 4 3 2 1 5 6 34 4 53 31 4 5 17 12 6 6 2 16 94 87 33 32 30 28 26
1 18 6 6 6 13 7 2 1 13 4 4 3 2 2 1 1 1 2 3 4 5 6 7 8 9 10 11 12 25 39 41 2 84 5 5 2 2 4 2 2 2 115 3 290 1 2 3 4 9 1 7 182 2 1 8 1 98 3 2 4 1 159 185 1605 1 24 23 22 16 5 4 3 8 6 7 35 59 54 32 5 6 18 9 8 7 3 116 99 4 3 2 1 1 1 1
2 25 7 25 18 4 3 2 14 5 5 4 3 3 2 1 1 1 2 3 4 5 6 7 8 9 10 11 12 13 1 1 83 4 4 1 1 1 1 1 1 1 113 2 289 1 2 3 8 1 6 179 2 1 3 4 5 92 2 1 3 5 153 133 51 1604 1599 1589 1583 1581 1562 1552 1543 1534 1532 1520 1478 40 39 6 176 169 150 140 139 138 134 17 16 15 14 13 12 11 10 9
28 8 28 2 1 1 3 15 6 6 5 4 11 7 4 2 1 1 2 3 4 5 6 7 8 9 10 11 12 60 61 82 3 3 1 2 3 4 5 1 2 112 1 280 8 1 2 7 3 4 176 2 1 2 3 4 6 85 1 2 4 104 44 4 132 50 4 9 5 1 18 5 5 2 1 4 6 1378 229 228 51 50 49 48 47 46 45 44 43 42 41 40 39 38 36 34
37 31 2 1 2 1 19 7 7 6 22 17 5 4 3 2 1 1 2 3 4 5 6 7 8 9 36 41 59 10 20 2 2 1 2 3 4 5 6 98 106 3 1 278 7 1 6 2 3 170 5 1 1 2 3 5 82 2 1 3 51 52 6 37 3 131 49 3 8 4 12 5 4 2 1 3 3 2 1148 83 14 13 12 11 10 9 8 7 6 5 4 3 2 1 1 1
34 2 1 3 1 21 8 8 7 30 7 6 5 4 3 2 1 1 2 3 4 5 6 12 21 26 4 17 9 9 1 1 1 2 3 36 70 78 86 6 1 2 270 7 6 5 1 2 3 163 1 3 1 2 4 78 3 1 2 50 35 16 5 13 23 2 130 48 2 7 3 11 4 3 1 2 2 1 1019 45 68 64 60 48 36 18 17 16 15 14 13 12 11 10 9 8
4 2 1 4 2 30 9 8 34 3 2 1 1 1 1 2 1 1 1 2 3 4 5 8 4 3 16 8 8 9 18 22 28 30 32 33 7 7 3 2 1 266 3 6 5 4 1 2 3 158 1 2 1 3 73 4 2 1 49 24 10 15 4 6 6 22 1 129 47 1 6 2 10 3 2 1 1 2 5 1011 44 3 3 11 11 17 16 15 14 13 12 11 10 9 8 7
2 1 1 7 31 10 9 36 1 1 1 2 2 2 3 2 2 1 1 2 4 6 7 3 2 15 7 7 8 8 3 5 1 1 32 6 6 2 1 1 256 9 2 5 4 3 1 2 41 115 1 1 2 3 69 3 1 48 12 11 9 14 3 5 5 13 8 128 18 28 3 2 1 9 2 1 1 2 2 1007 3 43 2 2 10 10 9 8 7 6 5 4 3 2 1 2
1 1 2 39 11 10 37 1 2 2 3 3 3 4 3 3 3 1 1 1 1 1 2 1 14 6 6 7 7 2 4 2 4 31 5 5 1 1 2 226 28 8 1 4 3 2 1 6 34 113 1 1 2 65 3 2 1 46 11 10 8 13 2 4 4 12 7 127 17 23 4 2 1 6 2 1 1 1 1 983 22 2 42 1 1 9 8 7 6 5 4 3 2 1 3 1
1 1 3 51 11 1 39 3 3 4 4 4 5 4 12 8 4 3 1 1 2 3 4 13 5 5 6 6 1 3 1 1 26 4 4 2 39 50 194 29 27 4 3 3 2 1 5 26 7 111 1 1 2 62 2 1 30 15 10 9 7 12 1 3 3 11 6 126 16 20 2 3 1 4 1 1 1 2 3 977 2 21 1 41 40 39 38 37 36 35 34 33 32 31 27 25
1 1 56 12 1 2 43 4 5 5 5 6 23 18 5 4 3 2 1 1 3 5 8 4 4 5 5 1 2 1 2 25 3 3 1 36 10 19 124 28 26 3 2 2 1 4 25 4 2 109 1 1 2 59 1 1 28 14 9 8 6 11 1 1 2 10 5 125 15 13 6 1 2 2 1 1 3 4 5 950 21 1 20 19 18 17 16 15 14 13 12 11 10 9 8 7
2 2 69 2 1 46 5 6 6 6 38 31 7 6 5 4 3 2 1 1 1 2 3 3 4 4 5 10 16 20 22 2 2 26 35 9 18 117 6 27 25 2 1 1 3 24 3 1 2 105 1 1 2 55 1 1 26 13 8 7 5 4 6 1 1 8 4 124 14 8 4 5 2 1 1 1 1 2 3 923 23 20 19 18 17 16 15 14 13 12 11 10 9 8 7 6
3 72 3 1 2 52 7 7 7 49 10 9 8 7 6 5 4 3 2 1 1 2 2 3 3 4 4 5 3 1 1 1 25 8 8 17 99 17 5 26 23 1 1 2 13 10 2 1 3 100 1 1 2 51 1 14 11 12 7 6 4 3 4 1 1 6 3 123 13 4 3 3 2 1 1 2 3 4 5 17 905 22 21 20 19 18 17 16 15 14 13 12 11 10 9 8
76 4 2 1 3 60 8 68 60 10 9 8 7 6 5 4 3 2 1 1 1 1 2 2 3 3 4 2 1 2 3 24 7 7 16 1 97 16 4 25 7 15 1 12 6 3 1 2 3 95 1 1 35 14 1 13 10 11 6 5 3 2 2 1 5 2 2 120 8 4 3 2 2 1 1 2 3 4 5 11 904 132 131 127 67 7 6 5 4 3 2 1 23 22 21 20
5 3 2 1 64 9 80 11 10 9 8 7 6 5 4 3 2 1 2 1 1 1 1 2 2 3 1 1 2 15 20 6 6 7 8 80 16 15 3 24 6 14 6 5 5 2 1 2 8 85 1 1 33 12 1 12 9 10 5 4 2 1 1 4 1 1 99 20 4 3 3 2 1 1 1 2 3 4 5 7 717 54 13 3 59 59 29 28 27 26 25 24 12 11 10 9
4 3 2 1 74 91 10 9 8 7 6 5 4 3 2 1 1 3 1 3 1 1 1 1 2 2 5 8 12 4 5 5 6 7 3 76 15 14 2 23 5 13 5 4 4 1 1 7 6 67 11 1 31 6 5 11 8 9 4 2 1 1 3 1 7 94 4 15 4 3 2 2 1 1 2 3 4 5 6 13 696 21 19 12 2 58 29 28 27 26 25 24 11 10 9 8
4 3 2 75 102 10 9 8 7 6 5 4 3 2 1 2 4 1 5 2 2 1 1 1 1 2 2 3 3 4 4 5 6 2 72 3 14 13 1 22 4 12 4 3 2 1 6 5 18 48 10 1 29 5 4 10 7 8 2 1 1 2 1 5 14 72 3 2 12 3 2 1 1 1 2 3 4 5 12 8 57 630 20 18 11 1 57 56 55 54 53 52 51 50 49 47
4 202 199 123 20 17 8 7 6 5 4 3 2 1 3 1 6 6 3 3 2 2 1 1 1 1 2 2 3 3 4 5 1 39 32 2 12 1 12 21 3 11 3 2 1 5 4 17 30 17 9 1 27 4 3 9 6 5 2 1 1 2 3 13 54 17 2 1 5 6 2 1 1 2 3 4 5 6 7 54 2 628 1 19 17 10 9 8 7 6 5 4 3 2 1 1
219 13 9 6 3 2 8 4 3 2 1 1 1 4 1 2 13 4 4 3 3 2 2 1 1 1 1 2 2 3 4 4 9 29 10 21 1 11 11 20 2 10 2 1 4 3 16 29 8 8 8 8 18 3 2 8 2 3 4 1 1 6 12 48 5 14 2 1 4 3 2 1 1 2 3 4 5 6 8 45 1 3 624 394 18 16 15 14 13 12 11 10 9 8 3 2
4 3 3 2 2 2 1 3 2 1 2 2 5 2 1 3 18 5 4 4 3 3 2 2 1 1 1 1 2 3 3 4 20 8 9 10 10 10 10 19 1 9 1 3 2 15 21 7 7 7 7 7 17 2 1 7 1 2 2 1 5 5 6 41 4 11 2 1 3 2 1 1 2 3 4 5 6 7 31 13 2 2 198 29 393 17 16 15 14 13 12 11 10 1 4 3
3 3 2 2 1 1 1 1 1 3 3 6 3 1 2 4 24 5 5 4 4 3 3 2 2 1 1 1 2 2 3 3 16 7 8 9 9 9 9 17 1 8 2 1 14 13 7 6 6 6 6 6 13 3 1 4 2 1 1 4 4 5 22 18 3 6 4 1 2 1 1 2 3 4 5 6 20 30 12 1 1 193 3 1 28 392 79 47 46 42 26 23 10 8 7 6
2 2 2 1 1 1 2 2 4 4 13 6 2 1 3 29 6 6 5 5 4 4 3 3 2 2 1 1 1 2 2 9 6 6 7 8 8 8 8 8 8 7 1 13 6 6 6 5 5 5 5 5 3 9 2 1 2 1 3 3 4 4 17 17 2 1 4 3 1 1 2 3 4 5 6 13 9 11 1 8 9 183 1 1 27 286 26 31 15 3 15 2 12 9 8 7
1 1 1 1 1 4 3 5 5 14 1 1 1 5 1 36 13 6 6 5 5 4 4 3 3 2 1 1 1 1 2 6 5 5 6 7 7 7 7 7 7 6 1 11 5 5 5 4 4 4 4 4 2 3 5 1 1 2 2 3 3 4 12 6 10 1 3 1 1 1 2 3 4 5 6 8 10 3 6 13 14 166 2 1 25 7 278 25 15 14 2 14 1 11 10 9
1 1 1 1 2 8 6 6 15 2 2 1 2 7 37 15 1 1 12 6 5 5 4 4 3 2 2 1 1 1 1 4 4 4 5 6 6 6 6 6 6 5 6 4 4 4 4 3 3 3 3 3 1 2 3 1 1 1 2 2 3 3 8 5 7 2 1 1 1 2 3 4 5 6 7 9 2 2 12 1 2 161 2 1 24 6 1 276 24 14 13 1 13 12 11 10
2 2 1 1 4 15 7 16 3 1 3 2 10 55 17 1 1 14 7 17 11 5 5 4 3 3 2 2 1 1 1 2 3 3 4 5 5 5 5 5 5 4 5 3 3 3 3 2 2 2 2 1 1 1 1 1 1 1 1 2 2 2 5 4 4 2 1 1 2 3 4 5 6 7 8 1 1 11 2 3 126 16 18 1 14 9 5 261 14 23 13 12 11 10 9 8
3 2 1 1 2 27 17 4 2 1 4 13 58 2 1 2 1 22 20 2 1 6 5 4 4 3 3 2 4 2 1 1 2 2 3 4 4 4 4 4 4 3 4 2 2 2 2 1 1 1 1 1 1 1 1 1 2 1 1 1 1 2 2 3 2 1 1 1 2 3 4 5 6 7 8 9 10 1 1 2 122 2 13 17 10 3 8 4 260 13 22 12 11 10 9 8
3 2 2 1 1 30 18 7 2 1 18 61 2 1 1 4 46 23 2 1 7 6 5 5 4 4 12 9 4 3 2 1 1 1 2 3 3 3 3 3 3 2 3 1 1 1 1 1 1 1 1 1 2 2 3 2 3 2 1 1 1 1 1 1 1 1 1 1 2 6 7 8 9 10 16 17 18 19 20 21 119 1 12 13 3 9 2 7 3 259 12 21 6 5 4 3
3 3 2 1 1 32 19 10 1 20 63 1 1 2 54 49 2 1 1 8 7 6 6 5 5 21 8 7 6 5 4 3 2 1 1 2 2 2 2 2 2 1 1 1 1 1 1 1 2 2 2 2 2 3 6 3 4 3 2 2 1 1 1 1 1 2 1 2 3 1 2 3 4 5 11 12 13 14 15 40 35 22 11 9 3 2 8 1 6 2 258 11 14 13 12 11
4 3 2 1 1 34 20 12 21 64 3 2 60 57 2 1 1 2 9 8 7 7 38 32 26 4 3 2 1 5 4 3 2 1 2 1 1 1 1 1 1 1 1 1 1 2 2 2 2 3 5 1 3 6 7 4 5 4 3 3 2 2 2 2 2 3 2 1 1 2 4 6 9 10 6 10 14 15 24 6 28 21 10 5 3 2 1 7 4 1 1 257 10 9 8 7
4 3 1 2 2 35 33 161 139 74 70 69 8 7 6 5 3 10 9 8 8 39 3 2 1 1 1 1 7 1 1 1 1 4 1 5 4 3 2 1 1 1 1 2 2 2 3 3 3 3 9 1 2 10 8 5 6 5 4 4 3 3 1 3 3 6 3 2 1 1 1 2 2 5 3 3 4 8 5 17 10 20 7 2 4 2 1 6 2 1 1 243 12 11 10 9
4 2 1 3 3 236 167 5 4 3 2 1 1 2 1 1 11 10 9 70 61 21 17 16 15 13 11 9 1 2 21 19 17 12 11 5 4 3 2 1 1 2 2 2 3 3 3 7 1 4 13 2 1 13 9 6 7 10 5 4 1 4 1 2 4 10 4 3 2 1 1 1 2 2 2 3 3 4 9 7 9 19 3 3 1 3 1 1 4 1 121 113 8 7 6 5
