LoganDemo/Sep2520191531/1RasterProcessing/FlowAcc.asc
ncols         985
nrows         1660
xllcenter     432419.031250
yllcenter     4612607.500000
cellsize      30.000000
nodata_value  -1
[rows 420 to 489 of 1660, columns 0 to 95 of 985]
-1 -1 -1 -1 -1 -1 -1 -1 -1 -1 -1 -1 -1 1 2 3 25 12 4 2 3 11 1 2 12 7 7 7 7 33 37542 2 2 1 1 3 215 9 1 177 167 164 150 149 137 2 1 1 1 1 1 1 1 1 1 1 1 2 3 7 1 7 4 353 7267 8 7 6 5 4 3 2 1 3 2 1 3 2 1 1 81 80 79 78 77 76 75 74 73 72 71 70 69 68 67 66
-1 -1 -1 -1 -1 -1 -1 -1 -1 -1 -1 -1 -1 1 2 3 29 13 5 3 4 1 12 2 3 13 8 8 8 37584 7 5 1 1 1 4 202 8 3 3 6 2 1 2 9 134 1 2 2 3 2 4 2 1 2 1 1 2 5 1 6 3 2 346 6905 8 2 1 1 1 1 1 4 120 119 118 117 116 115 111 110 109 108 107 106 105 104 103 102 101 100 99 98 97 96 95
-1 -1 -1 -1 -1 -1 -1 -1 -1 -1 -1 -1 -1 1 2 3 4 43 6 4 5 1 2 13 3 4 14 17 37602 9 2 1 4 1 3 1 196 3 1 2 2 5 1 1 6 2 132 122 39 33 30 25 21 19 16 5 2 1 4 5 2 1 15 330 13 6883 5 4 2 2 2 5 123 2 1 4 3 2 1 3 2 1 30 29 28 14 13 12 11 10 9 8 7 6 5 4
-1 -1 -1 -1 -1 -1 -1 -1 -1 -1 -1 -1 -1 1 2 3 4 5 50 5 1 6 2 3 14 4 36 37603 8 4 2 1 3 1 2 3 191 1 2 1 1 1 4 2 5 1 1 8 80 37 30 29 3 2 1 10 2 1 3 4 1 10 4 329 6 6 6882 6880 6867 6864 6863 126 2 1 5 4 3 2 1 1 1 34 3 2 1 13 12 11 10 9 8 7 6 5 4 3
-1 -1 -1 -1 -1 -1 -1 -1 -1 -1 -1 -1 -1 1 2 5 9 5 6 51 6 2 7 3 4 23 37647 2 3 4 3 1 2 1 2 3 190 3 2 1 1 2 1 1 1 4 1 6 30 12 6 1 28 20 9 8 9 1 2 3 4 5 3 13 315 5 5 1 12 6 139 6590 6583 6578 6577 7 6 5 4 2 47 12 11 10 9 8 7 6 5 4 3 2 1 1 154 153
-1 -1 -1 -1 -1 -1 -1 -1 -1 -1 -1 -1 -1 1 2 1 2 12 6 7 52 7 3 8 12 37683 2 3 1 2 3 2 1 1 2 3 183 2 1 2 3 1 1 1 1 2 1 5 26 3 11 4 2 7 10 7 7 8 1 2 3 4 2 12 310 4 4 4 5 5 138 1 5 4 83 6477 6471 6470 6469 6468 6420 6418 6411 6410 6409 6408 6407 6406 164 163 162 161 160 158 3 2
-1 -1 -1 -1 -1 -1 -1 -1 -1 -1 -1 -1 -1 1 2 3 1 2 13 7 8 53 8 4 5 37694 6 1 2 1 1 2 1 1 2 4 19 158 13 10 6 4 2 7 5 4 1 4 21 4 2 10 1 1 6 2 6 6 7 1 2 3 1 11 308 1 3 3 3 4 4 137 1 3 3 82 5 4 3 2 1 1 6 5 4 3 2 1 6241 6240 6239 6238 6237 6236 6189 6188
-1 -1 -1 -1 -1 -1 -1 -1 -1 -1 -1 -1 -1 1 2 3 4 1 3 14 8 17 54 63 37763 4 3 5 4 3 2 1 1 1 1 3 14 42 102 16 13 12 11 3 2 1 3 2 3 20 3 1 9 6 1 5 1 5 5 6 1 2 4 6 6 301 201 2 2 2 3 3 136 133 2 2 81 17 16 15 14 13 12 11 10 9 8 7 6 5 4 3 2 1 46 45
-1 -1 -1 -1 -1 -1 -1 -1 -1 -1 -1 -1 -1 1 3 6 4 5 2 4 15 16 34 1 37767 2 1 2 1 4 3 2 1 1 2 2 8 3 38 85 2 1 6 5 4 3 2 1 1 2 19 2 1 2 4 1 4 2 4 4 5 1 3 5 5 9 90 200 1 1 1 2 2 2 132 1 1 63 62 61 60 59 58 57 56 55 54 53 52 51 50 49 48 47 46 45
-1 -1 -1 -1 -1 -1 -1 -1 -1 -1 -1 -1 -1 1 2 3 10 5 6 3 8 9 11 35 37805 2 1 1 5 5 4 3 2 1 1 6 1 2 15 22 84 78 22 21 20 19 18 17 16 1 1 18 2 1 1 2 1 1 1 3 3 4 2 4 4 4 4 89 199 198 197 1 1 1 1 131 130 129 128 127 126 125 124 123 122 121 120 119 118 117 116 115 114 113 112 111
-1 -1 -1 -1 -1 -1 -1 -1 -1 -1 -1 -1 -1 1 2 3 1 11 6 13 1 1 1 13 37809 3 2 1 22 11 10 9 5 1 4 1 1 2 12 4 17 5 49 24 22 7 6 4 1 14 12 1 15 14 10 9 8 3 2 1 2 2 3 1 3 3 3 3 88 2 1 195 194 193 192 46 45 44 43 42 41 40 39 38 37 36 35 34 33 32 31 30 29 28 27 26
-1 -1 -1 -1 -1 -1 -1 -1 -1 -1 -1 -1 -1 1 2 1 4 2 12 1 14 2 1 15 37810 50 49 47 12 9 6 3 3 3 2 1 1 9 2 3 7 9 4 24 1 14 1 1 2 1 1 10 2 1 3 2 1 4 3 2 1 1 1 2 1 2 2 2 2 85 5 4 3 2 1 145 144 143 142 141 140 139 138 137 136 135 134 133 132 131 130 129 128 127 126 125
-1 -1 -1 -1 -1 -1 -1 -1 -1 -1 -1 -1 -1 1 1 3 2 5 3 13 2 17 3 4 37904 5 4 2 12 2 2 2 2 2 2 1 2 6 1 2 6 8 1 2 23 19 12 11 10 9 2 1 7 6 5 4 3 2 1 1 6 5 4 3 2 1 1 1 1 1 79 78 77 76 75 74 73 72 71 70 69 68 67 66 65 64 63 62 61 60 59 58 57 56 55 54
-1 -1 -1 -1 -1 -1 -1 -1 -1 -1 -1 -1 -1 1 2 2 4 3 9 14 1 1 18 37923 1 18 15 1 1 11 1 1 1 1 1 1 1 4 1 1 2 3 7 1 1 3 18 3 2 1 6 5 4 3 2 1 1 10 9 7 1 1 6 5 4 3 2 1 500 499 498 497 496 495 494 493 492 491 490 489 488 487 486 485 484 483 482 481 480 479 478 477 476 475 474 473
-1 -1 -1 -1 -1 -1 -1 -1 -1 -1 -1 -1 -1 1 2 3 3 5 13 16 1 1 37928 2 1 1 1 14 13 9 10 6 5 4 3 2 1 3 2 1 1 1 1 5 4 2 2 14 12 3 2 1 3 2 1 2 11 1 531 530 528 526 519 518 517 516 515 514 13 12 11 10 9 8 7 6 5 4 3 2 1 1 278 277 276 275 274 273 272 271 270 269 268 267 266 265
-1 -1 -1 -1 -1 -1 -1 -1 -1 -1 -1 -1 -1 1 2 3 4 13 27 38005 37988 37964 35 34 25 15 11 7 3 3 8 3 2 1 1 1 1 1 1 1 1 1 3 2 1 1 1 1 1 8 7 6 2 1 3 12 2 532 1 1 3 2 1 7 6 5 4 3 2 1 1 1 1 5 4 3 2 1 1 1 2 279 2 1 110 109 108 107 106 105 104 103 102 101 100 99
-1 -1 -1 -1 -1 -1 -1 -1 -1 -1 -1 -1 -1 1 2 3 4 5 28 38009 2 22 14 8 5 4 3 3 3 2 2 7 5 4 2 1 1 3 3 2 2 4 1 1 1 1 1 2 1 1 3 2 1 17 13 3 535 2 2 5 1 1 12 4 3 2 1 1 1 2 2 2 6 4 3 2 1 2 2 3 280 119 116 115 4 3 2 1 1 61 60 59 58 57 56 55
-1 -1 -1 -1 -1 -1 -1 -1 -1 -1 -1 -1 1 1 2 3 7 6 38046 1 1 7 13 4 3 4 3 2 2 2 1 1 1 1 1 2 5 1 4 5 5 2 2 4 2 6 4 1 2 4 2 1 18 1 4 536 1 3 6 1 2 13 2 1 1 1 2 2 3 3 3 7 6 1 1 4 3 3 285 281 284 164 163 162 161 160 159 158 156 94 93 92 91 90 89 88
-1 -1 -1 -1 -1 -1 -1 -1 -1 -1 -1 -1 1 2 2 5 13 38053 8 5 5 1 9 3 3 2 3 2 1 1 1 1 1 3 3 1 1 6 6 11 3 3 5 1 7 1 1 3 8 3 1 19 1 6 537 2 4 7 2 3 14 3 1 2 2 3 3 4 4 4 8 7 1 2 5 292 291 287 1 394 109 108 107 106 105 104 103 102 101 100 99 98 97 96 95 94
-1 -1 -1 -1 -1 -1 -1 -1 -1 -1 -1 -1 1 3 3 4 14 38062 2 2 4 4 3 5 2 2 1 2 1 1 1 2 2 4 4 2 2 7 7 43 31 24 18 16 8 6 4 9 1 1 21 2 1 544 3 5 8 3 4 15 4 2 3 3 4 4 5 5 5 9 8 2 3 6 295 2 1 1 398 3 2 1 26 25 24 23 22 21 20 19 18 17 16 15 14 13
-1 -1 -1 -1 -1 -1 -1 -1 -1 -1 -1 -1 1 2 6 11 38081 2 4 1 1 3 3 2 4 1 1 1 1 2 4 4 7 1 5 1 5 15 44 1 22 21 20 2 1 1 10 2 2 1 24 1 2 545 4 14 4 5 16 5 3 4 4 5 5 6 6 6 10 9 3 4 305 298 2 1 2 465 66 65 64 63 36 35 34 33 32 31 30 29 28 27 26 25 24 12
-1 -1 -1 -1 -1 -1 -1 -1 -1 -1 -1 -1 1 2 3 38093 1 3 1 3 2 1 2 2 1 3 2 1 1 1 1 6 12 2 1 7 22 1 81 34 9 2 1 17 16 14 3 1 3 2 25 2 3 546 5 15 10 17 6 4 5 5 6 6 7 7 7 11 10 4 5 309 3 2 1 3 466 30 29 28 27 26 25 24 23 22 21 20 19 18 17 16 15 14 11 11
-1 -1 -1 -1 -1 -1 -1 -1 -1 -1 -1 -1 1 2 6 38096 2 1 2 1 3 2 1 1 1 1 1 1 1 2 2 1 19 3 9 23 1 91 6 1 2 6 2 1 1 1 1 2 4 3 26 3 4 547 6 16 28 7 5 6 6 22 15 8 8 8 12 334 323 318 312 2 1 1 4 467 31 71 70 69 68 50 13 12 11 10 9 8 7 6 5 4 3 2 2 10
-1 -1 -1 -1 -1 -1 -1 -1 -1 -1 -1 -1 1 2 3 38109 3 2 1 8 4 3 2 1 2 1 1 3 2 1 3 3 21 13 24 2 95 3 3 5 3 1 3 2 2 1 2 3 5 4 27 1 8 548 7 17 29 13 39 32 25 2 1 374 365 356 343 8 7 6 5 4 3 1 472 32 78 6 5 4 3 17 36 24 23 22 21 20 19 18 17 16 15 4 1 1
-1 -1 -1 -1 -1 -1 -1 -1 -1 -1 -1 -1 1 2 3 38114 1 1 9 1 3 2 1 3 1 1 2 5 1 3 5 4 35 25 3 100 4 2 2 2 1 2 1 1 4 1 1 6 6 5 28 1 10 549 8 1316 1298 1268 1215 1214 1213 1212 1211 836 826 817 810 809 808 807 806 805 803 1 590 85 6 5 4 3 2 2 16 11 10 9 8 7 6 5 4 3 2 10 3 2
-1 -1 -1 -1 -1 -1 -1 -1 -1 -1 -1 -1 1 2 9 38124 1 11 2 4 1 1 4 1 2 1 2 3 6 2 9 5 61 4 101 2 1 1 1 1 1 1 2 1 5 2 1 2 13 6 29 2 560 1448 1447 121 109 75 8 7 6 5 4 3 9 8 6 5 4 3 2 1 1 801 597 6 5 4 3 2 1 1 1 15 14 13 12 11 10 9 8 7 6 1 9 8
-1 -1 -1 -1 -1 -1 -1 -1 -1 -1 -1 -1 1 3 3 3 38128 38152 11 4 2 5 2 1 3 1 2 3 4 7 3 15 66 102 10 7 6 1 2 1 1 4 1 1 2 6 4 3 14 7 32 2013 1452 1 1 11 28 5 66 10 4 3 2 1 2 8 7 6 5 4 3 2 1 1 203 198 23 22 21 20 19 18 17 16 15 14 13 12 11 10 9 8 7 5 4 3
-1 -1 -1 -1 -1 -1 -1 -1 -1 -1 -1 -1 1 2 2 1 9 38170 8 7 6 3 2 1 4 1 2 3 4 5 8 93 103 13 2 1 1 4 1 1 2 6 1 1 2 3 11 4 22 2049 2016 2 1 2 1 5 5 27 4 55 5 4 3 2 1 1 7 6 5 4 3 2 1 1 2 174 68 16 15 14 13 12 11 10 9 8 7 6 5 4 3 2 1 6 5 4
-1 -1 -1 -1 -1 -1 -1 -1 -1 -1 -1 -1 1 1 1 7 3 4 38185 10 9 5 2 5 1 2 1 3 4 5 11 224 119 2 1 2 1 1 2 1 1 3 7 2 2 6 12 3489 3436 1386 1375 1373 1355 6 5 4 4 4 26 3 54 22 21 20 19 18 16 7 6 5 4 3 2 1 1 16 89 51 50 49 48 47 46 45 44 43 42 26 12 11 10 9 8 7 6 5
-1 -1 -1 -1 -1 -1 -1 -1 -1 -1 -1 -1 1 2 5 2 1 2 38198 10 9 1 6 2 1 3 1 2 4 5 6 231 5 4 3 2 2 1 3 1 2 2 11 3 3523 3517 3495 14 5 2 10 1 17 1348 1084 1 3 3 3 25 2 31 4 3 2 1 1 8 7 6 5 4 3 2 1 13 2 88 80 79 78 77 76 75 4 3 2 15 13 12 11 10 9 8 7 6
-1 -1 -1 -1 -1 -1 -1 -1 -1 -1 -1 -1 1 2 1 1 2 15 38216 2 1 7 5 2 1 4 1 2 3 5 1 237 2 1 1 3 3 2 4 2 3 3555 3548 3533 2 15 5 5 3 2 1 9 16 10 253 1082 9 2 2 2 24 1 26 25 24 11 10 9 8 7 6 5 4 3 2 1 12 1 7 6 5 4 3 2 70 66 18 1 14 13 12 11 10 9 8 7
-1 -1 -1 -1 -1 -1 -1 -1 -1 -1 -1 -1 1 2 3 4 12 2 38220 1 1 7 1 2 1 1 5 2 3 4 244 4 1 1 2 1 7 7 3564 3561 3557 4 3 7 1 4 10 4 4 2 1 8 15 4 5 252 1072 8 1 1 1 23 22 21 20 12 11 10 9 8 7 6 5 4 3 2 1 11 10 9 8 7 6 5 1 3 47 17 16 15 14 13 12 11 10 9
-1 -1 -1 -1 -1 -1 -1 -1 -1 -1 -1 -1 1 2 3 7 1 1 38230 10 8 1 3 2 1 1 2 6 3 8 249 1 1 1 2 4 3596 3582 6 3 1 3 2 2 4 3 3 6 3 3 1 7 4 10 3 4 251 1071 7 6 5 4 3 2 1 19 18 17 16 15 14 13 12 11 10 9 8 7 6 5 4 3 2 1 4 2 2 46 23 22 21 20 19 18 17 16
-1 -1 -1 -1 -1 -1 -1 -1 -1 -1 -1 -1 1 2 3 4 5 8 2 38249 6 4 3 3 1 1 2 3 7 261 3 1 1 2 2 3601 2 2 2 2 2 2 1 1 3 2 2 3 2 2 2 4 2 3 9 2 3 250 1070 1069 1068 1067 1066 1065 1064 1063 1062 1061 1060 1059 1057 1053 1052 539 538 537 536 535 534 533 532 531 530 529 528 1 1 1 22 21 20 19 18 17 16 15
-1 -1 -1 -1 -1 -1 -1 -1 -1 -1 -1 -1 1 2 3 1 2 1 1 38251 5 4 5 1 1 1 2 3 4 273 1 1 1 4 3608 2 1 1 1 1 1 1 1 1 1 1 1 1 1 1 1 1 3 1 2 8 1 2 249 242 241 240 239 238 237 236 235 234 2 1 1 3 2 512 507 506 505 504 398 397 396 4 3 2 1 527 526 525 524 523 32 31 30 29 28 27
-1 -1 -1 -1 -1 -1 -1 -1 -1 -1 -1 -1 1 2 3 4 5 6 1 2 38275 8 2 1 1 3 2 3 11 274 1 1 6425 3612 3 2 1 1 1 1 1 1 1 1 1 1 1 1 1 1 2 1 1 2 1 1 7 6 1 6 5 4 3 2 1 3 2 1 231 230 3 2 1 1 4 3 2 1 105 2 1 391 390 389 388 387 386 4 3 2 490 20 19 18 17 16
-1 -1 -1 -1 -1 -1 -1 -1 -1 -1 -1 -1 1 2 3 4 5 6 7 38283 8 5 2 1 1 2 4 7 293 6443 6442 6435 1 2810 2807 2805 4 2 2 2 2 1 1 3 3 1 2 2 3 3 1 2 6 5 4 3 2 1 5 4 3 2 1 1 4 291 290 289 288 2 226 224 222 219 5 4 3 2 1 102 101 100 99 98 3 2 1 381 380 246 1 469 468 467 466 465
-1 -1 -1 -1 -1 -1 -1 -1 -1 -1 -1 -1 1 2 3 4 5 6 13 38299 2 2 2 1 1 1 4 5 6754 6 5 7 1 2 1 2 2800 3 3 3 2 1 2 4 1 5 3 6 4 2 3 17 10 9 8 7 6 5 4 3 2 1 2 5 410 118 117 116 113 285 1 1 1 2 213 9 8 7 6 5 4 3 2 1 94 93 92 91 22 133 245 244 190 67 66 65
-1 -1 -1 -1 -1 -1 -1 -1 -1 -1 -1 -1 1 2 3 4 5 6 7 38308 1 1 1 1 1 2 3 6758 6 5 4 3 2 1 1 2 10 2794 2777 3 2 3 5 1 1 2 9 11 3 4 18 11 10 9 8 7 6 5 4 3 2 1 3 432 16 15 14 13 2 112 284 283 282 281 1 203 202 201 200 199 198 7 6 5 4 3 2 1 68 21 132 13 53 122 120 72
-1 -1 -1 -1 -1 -1 -1 -1 -1 -1 -1 -1 1 2 3 4 5 6 18 38328 1 1 2 1 1 2 3 6766 2 5 4 3 2 1 1 5 2 6 5 2767 12 6 1 2 2 3 10 15 5 19 12 1 741 740 739 738 737 4 3 2 1 1 473 37 4 3 2 1 12 1 111 45 37 25 280 55 43 37 3 2 1 190 155 154 153 4 3 2 1 67 20 118 12 52 1 47
-1 -1 -1 -1 -1 -1 -1 -1 -1 -1 -1 -1 1 2 3 4 5 11 7 38348 5 3 1 1 2 4 6771 1 1 1 4 3 2 1 4 1 2 3 4 5 2749 2671 2668 2667 2662 2647 954 924 917 15 2 747 5 4 3 2 1 732 634 3 2 474 2 1 32 31 30 27 26 11 13 52 7 11 24 224 11 5 33 30 10 4 34 18 9 148 139 64 63 62 66 19 117 11 51 31
-1 -1 -1 -1 -1 -1 -1 -1 -1 -1 -1 -1 1 2 3 4 5 6 7 2 38353 2 1 1 2 3 6781 6 5 4 3 3 2 1 3 1 2 3 4 6 72 2 1 2 12 1689 2 2 1 882 879 43 42 41 40 39 26 13 97 630 629 154 5 4 3 2 1 2 1 25 10 12 51 6 10 23 223 10 4 2 19 5 3 15 8 8 8 74 50 26 61 65 18 116 10 19
-1 -1 -1 -1 -1 -1 -1 -1 -1 -1 -1 -1 1 2 3 4 5 6 1 9 10 38355 1 2 1 6879 91 8 3 2 1 2 2 1 2 1 2 3 5 3 58 2 1 1 11 100 1588 1 1 2 29 59 40 3 2 1 12 12 12 96 95 11 146 137 60 48 39 12 11 10 24 9 11 50 5 9 22 222 9 3 1 18 4 2 14 7 7 7 23 23 25 60 64 17 115 9
-1 -1 -1 -1 -1 -1 -1 -1 -1 -1 -1 -1 1 2 3 4 5 1 8 1 11 38377 2 3 6885 5 3 79 4 3 2 1 1 1 1 1 2 4 2 9 46 2 1 9 1 3 96 1587 6 1 16 12 18 36 33 22 11 11 11 11 1 82 10 8 76 11 8 26 18 9 9 23 8 10 49 4 8 21 221 8 2 1 17 3 1 13 6 6 6 22 22 24 59 63 16 114
-1 -1 -1 -1 -1 -1 -1 -1 -1 -1 -1 -1 1 2 3 4 5 6 1 9 6 7 38387 6891 2 3 1 2 78 70 2 1 1 3 2 1 3 1 4 4 42 3 1 8 1 1 95 1564 16 5 5 10 11 17 2 10 10 10 10 10 10 70 11 9 7 75 10 7 7 8 8 8 22 7 9 48 3 7 20 220 7 6 5 16 2 1 12 5 5 5 21 21 23 58 62 15
-1 -1 -1 -1 -1 -1 -1 -1 -1 -1 -1 -1 1 2 3 4 5 6 7 5 1 2 45281 5 1 1 2 1 4 3 67 2 4 39 38 1 2 3 1 2 12 29 2 1 6 11 83 3 1560 15 4 4 9 10 16 1 9 9 9 9 9 9 69 10 8 6 74 9 6 6 7 7 7 21 6 8 47 2 6 19 219 2 1 4 15 14 13 11 4 4 4 20 20 22 57 61
-1 -1 -1 -1 -1 -1 -1 -1 -1 -1 -1 -1 1 2 3 1 2 3 4 1 1 2 45285 1 3 2 1 1 2 1 2 64 46 6 5 37 1 2 1 6 5 26 2 1 5 10 82 2 1548 11 14 3 3 8 9 15 8 8 8 8 8 8 8 68 9 7 5 73 8 5 5 6 6 6 20 5 7 46 1 5 18 216 215 152 3 2 1 12 10 3 3 3 19 19 21 56
-1 -1 -1 -1 -1 -1 -1 -1 -1 -1 -1 -1 1 2 1 4 1 2 3 1 8 9 45297 2 1 1 1 1 1 1 1 3 10 2 1 4 36 1 2 3 4 9 16 1 4 9 81 1 1547 1 9 13 2 2 7 8 6 7 7 7 7 7 7 7 67 8 6 4 72 7 4 4 5 5 5 19 4 6 45 2 4 17 16 62 151 150 149 126 11 9 2 2 2 18 18 20
-1 -1 -1 -1 -1 -1 -1 -1 -1 -1 -1 -1 1 2 3 2 5 1 1 5 1 2 45300 3 2 2 2 2 1 1 1 1 1 7 3 2 3 35 1 2 3 8 13 2 3 8 78 2 1 1545 5 3 12 1 1 6 7 5 6 6 6 6 6 6 6 66 7 5 3 71 6 3 3 4 4 4 18 3 5 42 1 3 2 15 61 60 40 22 125 10 8 1 1 1 17 17
-1 -1 -1 -1 -1 -1 -1 -1 -1 -1 -1 -1 1 2 3 4 3 7 1 1 1 1 46342 1037 1036 1026 1020 4 2 2 1 1 2 1 3 2 1 2 34 1 2 7 12 1 2 7 30 47 1 1536 8 4 2 11 3 2 5 6 4 5 5 5 5 5 5 5 65 6 4 2 70 5 2 2 3 3 3 17 2 4 41 40 39 1 14 13 19 39 21 124 9 7 6 5 4 16
-1 -1 -1 -1 -1 -1 -1 -1 -1 -1 -1 -1 1 2 5 4 8 1 9 1 3 46361 12 9 6 3 1 1013 989 4 2 3 1 66 65 1 1 1 6 27 1 4 2 11 1 6 29 22 24 1 1534 7 3 1 7 5 1 4 5 3 4 4 4 4 4 4 4 64 5 3 1 69 4 1 1 2 2 2 16 1 3 2 1 38 37 10 12 18 38 20 123 8 7 6 5 3
-1 -1 -1 -1 -1 -1 -1 -1 -1 -1 -1 -1 1 2 3 9 5 9 11 46366 46364 3 2 8 4 1 2 8 15 982 945 71 69 2 1 63 36 21 5 2 24 3 1 9 1 5 28 20 1 23 28 1505 6 2 1 1 4 3 3 4 2 3 3 3 3 3 3 3 63 4 2 1 68 3 2 1 1 1 1 15 14 13 12 11 10 26 9 11 17 37 19 122 110 4 1 4
-1 -1 -1 -1 -1 -1 -1 -1 -1 -1 -1 -1 1 2 3 4 10 25 46380 2 2 2 1 2 5 3 1 2 5 14 36 870 852 285 6 5 26 14 20 4 1 23 2 3 5 4 27 16 3 22 19 8 1504 5 4 3 2 1 2 2 3 1 2 2 2 2 2 2 2 62 3 2 1 67 66 65 64 63 62 61 60 59 58 57 56 9 25 8 10 16 36 18 11 105 2 1
-1 -1 -1 -1 -1 -1 -1 -1 -1 -1 -1 -1 1 2 3 4 9 46417 2 1 1 1 1 1 2 2 2 1 2 2 13 35 17 566 278 1 4 25 13 19 3 22 1 2 4 3 26 15 2 21 4 14 7 1503 70 69 68 62 1 1 1 2 1 1 1 1 1 1 1 1 61 60 59 58 57 56 55 54 53 52 51 50 49 48 47 55 8 24 7 9 15 35 17 10 104 93
-1 -1 -1 -1 -1 -1 -1 -1 -1 -1 -1 -1 1 2 3 4 5 46424 1 1 1 4 3 2 1 1 1 1 1 1 12 31 3 16 565 276 273 3 24 12 18 2 21 1 3 2 25 14 1 20 3 13 6 8 1424 1419 1139 5 60 32 31 30 29 28 27 26 25 24 23 22 21 20 19 18 17 16 15 14 13 12 11 10 9 8 7 46 54 7 23 6 8 14 34 16 9 10
-1 -1 -1 -1 -1 -1 -1 -1 -1 -1 -1 -1 1 2 3 4 5 46425 4 2 5 1 1 1 1 1 1 3 2 1 11 3 27 2 15 564 2 272 2 23 11 17 1 20 2 1 24 10 3 19 2 12 5 7 4 274 5 1138 4 27 26 25 24 23 22 21 20 19 18 17 16 15 14 13 12 11 10 9 8 7 6 5 4 3 2 6 45 53 6 22 5 7 13 33 15 8
-1 -1 -1 -1 -1 -1 -1 -1 -1 -1 -1 -1 1 2 3 1 2 46435 1 70 64 61 60 2 2 1 5 1 6 5 3 10 2 26 1 14 563 1 271 1 22 10 16 1 18 1 23 9 2 18 1 11 4 3 3 3 273 4 1137 3 2 1 1 295 294 293 19 18 17 16 15 14 13 12 11 10 9 8 7 6 5 4 3 2 1 1 5 44 52 5 21 4 6 12 32 14
-1 -1 -1 -1 -1 -1 -1 -1 -1 -1 -1 -1 1 1 2 7 9 46448 71 1 1 1 4 55 10 6 2 9 2 1 1 2 9 1 25 11 13 562 212 270 3 18 9 15 15 2 22 8 1 12 5 6 4 3 2 2 2 272 3 1136 1 2 296 38 37 36 273 262 234 21 20 19 18 17 16 15 14 13 12 11 10 9 8 7 6 5 4 4 43 51 4 20 3 5 11 31
-1 -1 -1 -1 -1 -1 -1 -1 -1 -1 -1 -1 1 3 1 1 1 2 46525 2 2 1 3 2 38 28 23 9 8 7 2 1 1 8 5 13 10 12 349 211 269 2 17 8 14 14 1 21 7 6 5 4 5 3 2 1 1 1 271 2 1134 338 39 13 12 11 35 10 27 212 201 191 16 15 14 13 12 11 10 9 8 7 6 5 4 3 2 3 3 42 50 3 19 2 4 10
-1 -1 -1 -1 -1 -1 -1 -1 -1 -1 -1 -1 1 1 4 1 1 2 46541 13 4 2 2 1 2 7 2 4 2 1 4 3 2 1 2 4 12 9 11 348 210 268 1 16 7 13 13 13 7 6 5 4 3 4 2 1 1 269 1 1 3 792 739 11 10 9 10 34 9 26 10 9 174 165 84 46 45 44 43 42 41 40 39 38 37 36 34 1 2 2 41 49 2 18 1 3
-1 -1 -1 -1 -1 -1 -1 -1 -1 -1 -1 -1 1 2 2 5 2 46549 4 6 2 1 1 1 1 5 1 1 1 1 1 4 3 2 1 1 3 11 8 10 347 209 267 7 8 6 12 12 12 6 5 4 3 2 3 1 1 265 2 1 2 52 714 42 4 1 8 9 33 8 25 9 8 8 80 37 35 9 8 7 6 5 4 3 2 1 1 33 32 1 1 40 48 1 17 2
-1 -1 -1 -1 -1 -1 -1 -1 -1 -1 -1 -1 1 2 3 11 47957 1 3 2 1 1 1 1 2 1 4 3 2 2 5 1 5 4 3 2 1 2 10 7 9 346 208 266 6 7 5 11 11 11 5 4 3 2 1 2 1 246 16 15 1 51 10 661 37 2 1 7 8 32 7 24 8 7 7 79 1 25 24 10 9 8 7 6 5 4 3 2 1 31 30 29 39 47 2 14
-1 -1 -1 -1 -1 -1 -1 -1 -1 -1 -1 -1 1 2 5 47969 1407 1 1 1 1 2 1 4 1 1 1 1 3 6 2 6 1 5 4 3 2 1 1 9 6 8 345 207 265 5 6 4 10 10 10 4 3 2 1 1 2 245 37 22 14 21 29 9 660 36 30 1 6 7 31 6 23 7 6 6 78 77 15 13 12 11 10 9 8 7 6 5 4 3 2 1 28 38 44 1
-1 -1 -1 -1 -1 -1 -1 -1 -1 -1 -1 -1 1 4 10 47973 1 1405 1402 2 1 3 2 6 2 2 2 4 1 7 9 2 13 7 6 5 4 3 2 1 8 5 7 344 206 264 4 5 3 9 9 9 3 2 1 1 9 188 8 14 21 13 20 28 8 659 5 28 25 5 6 30 5 22 6 5 5 4 61 14 13 12 11 10 9 8 7 6 5 4 3 2 1 27 37 43
-1 -1 -1 -1 -1 -1 -1 -1 -1 -1 -1 -1 1 2 47987 2 1 1 1 1399 1397 1394 1386 1380 1363 1344 5 1 2 1141 1133 72 58 57 56 55 54 53 52 51 25 7 4 6 343 205 263 3 4 2 8 8 8 2 1 8 52 126 9 7 13 20 12 19 27 7 658 4 2 24 4 5 29 4 21 5 4 2 3 60 39 21 20 19 18 17 16 15 14 13 12 11 10 9 26 36
-1 -1 -1 -1 -1 -1 -1 -1 -1 -1 -1 -1 1 1 1 47988 1 1 1 1 2 4 3 10 7 7 1336 1326 1285 19 1 1048 1012 994 977 142 126 109 47 46 25 24 6 3 5 342 204 262 2 3 1 7 7 7 1 7 51 115 10 8 6 12 19 11 18 26 6 657 3 1 23 3 4 28 3 20 4 1 1 2 20 17 16 15 14 13 12 11 10 9 8 7 6 5 8 25
-1 -1 -1 -1 -1 -1 -1 -1 -1 -1 -1 -1 1 1 1 47993 2 2 1 1 1 3 2 4 5 6 6 8 38 124 18 18 17 17 16 834 15 16 61 47 45 24 23 5 2 4 341 203 261 1 2 1 6 6 6 6 50 51 63 9 7 5 11 18 10 17 25 5 656 2 1 22 2 3 27 2 19 3 2 1 1 19 18 17 16 15 14 13 12 11 10 9 8 4 4 7
-1 -1 -1 -1 -1 -1 -1 -1 -1 -1 -1 -1 1 2 3 48583 588 2 2 2 1 2 1 3 4 5 5 7 37 4 119 17 17 16 16 15 833 14 15 13 46 44 23 22 4 1 3 340 202 260 259 258 257 5 5 5 5 49 50 62 8 6 4 10 17 9 16 24 4 655 64 2 21 1 2 26 1 18 17 16 15 14 13 12 11 10 9 8 7 6 5 4 3 3 3 3
-1 -1 -1 -1 -1 -1 -1 -1 -1 -1 -1 -1 2 48610 48591 3 1 583 16 3 2 1 1 2 3 4 4 6 36 3 24 94 16 16 15 15 14 832 13 14 12 45 43 22 21 3 2 1 338 201 183 172 166 256 4 4 4 4 48 49 61 7 5 3 9 16 8 15 23 3 590 61 1 20 19 1 25 24 23 22 21 20 19 18 17 16 15 14 13 12 11 10 2 2 2 2
-1 -1 -1 -1 -1 -1 -1 -1 -1 -1 -1 -1 48846 11 3 1 2 560 4 10 4 3 2 1 2 3 3 5 35 2 14 9 93 15 15 14 14 13 831 12 13 11 44 42 21 20 2 1 337 11 6 10 5 165 255 3 3 3 3 47 48 60 6 4 2 8 15 7 14 22 2 589 60 2 1 18 17 16 15 14 13 12 11 10 9 8 7 6 5 4 3 2 7 1 1 1
