LoganDemo/Sep2520191531/1RasterProcessing/FlowAcc.asc
ncols         985
nrows         1660
xllcenter     432419.031250
yllcenter     4612607.500000
cellsize      30.000000
nodata_value  -1
[rows 1540 to 1609 of 1660, columns 672 to 767 of 985]
3 8 2 3 7 6 1 1 1 1 1 1 1 1 1 1 1 1 1 1 1 3 4 4 7 1 6 2 2 1 1 1 1 1 1 1 1 2 3 4 5 15 17 30 7 4 2 4 3 1 1 1 1 2 2 3 2 3 3 3 4 5 6 7 19 11 6 4 7 4 3 1 3 1 2 3 4 5 6 7 8 9 10 37 7 7 8 5 4 3 6 6 3 2 4 3
2 3 11 4 8 8 2 2 2 2 2 2 2 2 2 2 2 1 2 2 2 4 5 12 2 1 9 3 1 2 1 3 1 2 3 4 5 6 7 8 9 1 12 6 3 1 3 2 1 2 1 3 2 2 3 3 4 3 4 4 5 6 7 11 10 5 3 3 3 3 2 2 1 2 3 4 5 6 7 8 9 10 26 6 6 7 4 3 2 5 5 2 1 3 2 7
21 22 26 16 17 3 3 3 3 3 3 3 3 3 3 3 1 2 3 3 3 5 18 3 2 1 13 1 2 3 2 4 2 1 1 1 2 3 4 5 6 11 5 2 1 2 1 1 2 3 6 1 4 3 3 4 4 5 4 5 1 2 3 9 4 2 2 2 2 1 1 1 1 2 3 4 5 6 7 8 9 15 5 5 6 3 2 1 4 4 1 1 2 1 6 2
1 1 1 43 18 7 4 4 4 4 4 4 4 4 4 1 2 3 4 7 6 19 4 3 2 14 1 2 3 4 3 5 3 2 1 2 1 1 2 3 4 4 1 1 7 8 9 10 11 12 13 7 2 5 4 4 5 5 10 1 6 7 8 3 1 1 1 1 1 2 1 1 2 1 1 1 1 2 3 4 5 4 4 2 3 2 1 3 3 1 2 3 4 5 1 9
3 2 2 45 19 12 5 5 5 5 5 5 5 5 1 2 3 4 12 7 20 5 4 3 15 1 2 3 4 5 4 6 4 3 2 1 3 2 1 2 3 1 2 5 2 3 4 5 6 7 8 14 8 3 6 5 5 11 11 1 2 1 2 1 2 3 1 1 1 1 3 2 2 3 2 2 2 1 1 2 3 2 1 1 2 1 2 2 2 3 4 5 6 7 8 1
8 4 3 48 20 18 6 6 6 6 6 12 6 2 3 4 5 48 35 27 6 5 4 1 16 2 3 4 5 6 5 7 5 4 3 2 4 1 3 1 1 1 2 1 1 2 3 4 5 6 7 16 31 40 4 7 11 12 12 2 1 3 1 1 1 1 4 2 2 2 2 4 3 3 4 3 3 3 2 1 1 1 1 1 1 1 1 1 1 2 3 4 5 6 7 8
1 9 5 52 21 25 7 7 7 90 83 70 69 66 62 57 51 2 1 1 6 5 1 2 17 3 4 5 6 7 6 8 6 5 4 3 5 2 4 1 2 2 1 1 1 2 3 4 5 6 7 8 9 10 51 56 75 1 25 3 2 4 1 2 2 2 2 5 3 3 3 3 5 4 4 5 4 4 4 3 3 1 2 2 1 1 1 1 1 2 3 4 5 6 7 8
4 2 10 58 47 8 116 108 100 9 8 7 6 5 4 3 2 1 2 7 1 6 2 3 18 4 5 6 7 8 7 9 7 6 5 4 6 3 5 2 3 3 1 3 1 1 1 1 2 3 4 5 6 7 8 9 10 86 113 4 3 1 5 2 3 3 3 3 6 4 4 4 4 6 5 5 6 5 5 5 7 2 3 3 2 2 2 1 2 1 2 3 4 5 6 7
2 5 3 116 158 149 32 26 9 8 7 6 5 4 3 2 1 3 1 8 2 7 3 4 19 5 6 7 8 9 8 10 8 7 6 5 7 4 6 3 4 4 2 4 1 2 2 2 1 1 1 1 2 3 4 5 6 7 8 118 1 4 2 6 3 4 4 4 4 7 5 5 5 5 12 18 24 31 6 6 6 10 4 4 3 3 3 2 1 3 1 2 3 4 5 6
3 3 9 303 16 11 4 5 16 12 9 6 3 2 1 1 4 1 2 9 3 8 4 5 20 6 7 8 9 10 19 9 1 8 7 6 8 5 7 4 9 1 3 5 2 1 3 3 3 2 2 2 1 1 1 2 3 4 1 9 119 2 5 3 7 4 5 5 5 5 8 6 6 12 13 14 15 16 48 55 7 17 5 5 4 4 4 3 2 1 4 1 2 3 4 5
10 4 1 314 5 4 6 3 4 3 2 2 2 1 2 1 5 2 3 10 4 9 5 6 21 7 8 9 10 30 10 2 1 9 8 7 9 6 8 14 1 2 4 6 3 1 5 1 4 6 3 3 1 2 2 1 1 1 5 2 10 120 3 6 4 12 17 23 29 35 41 50 57 58 59 60 61 62 63 64 120 128 146 152 10 5 5 4 3 2 1 5 1 2 3 494
3 15 317 1 5 4 3 5 2 3 2 1 1 1 3 2 6 3 4 11 5 10 6 7 22 8 9 10 41 11 3 2 1 10 1 16 10 7 9 16 1 3 5 7 4 1 7 2 5 7 4 4 2 3 3 1 2 2 2 6 3 131 4 1 7 1 2 3 4 5 6 7 8 9 10 11 128 143 151 160 165 171 181 188 349 374 385 390 4 3 2 1 7 481 490 6
11 336 7 6 5 4 3 2 4 1 2 1 1 1 5 3 7 4 5 12 6 11 7 8 23 9 10 11 53 4 3 2 1 1 11 18 11 8 26 2 1 4 6 8 5 1 2 8 8 8 5 5 3 4 4 2 3 1 3 3 10 132 5 1 2 8 9 10 1 1 1 1 2 3 4 116 14 7 8 4 5 9 6 8 14 14 27 28 432 443 454 463 473 8 5 1
19 344 3 2 1 4 3 2 1 3 1 2 3 2 7 4 8 5 6 1 19 12 8 9 33 11 1 65 5 4 3 1 2 2 1 30 12 9 29 2 1 5 7 1 9 6 2 3 17 9 6 6 4 5 5 3 4 2 4 1 14 133 6 1 2 3 1 2 11 2 2 4 5 100 111 13 6 7 3 4 8 5 7 13 13 5 7 7 6 6 7 6 9 7 4 2
364 10 6 5 4 3 3 2 1 2 1 1 2 6 3 12 9 1 6 7 21 13 9 10 45 2 66 6 5 4 2 1 3 3 2 31 13 39 3 2 1 6 1 8 2 10 7 3 21 10 7 7 5 6 6 4 5 3 5 2 15 134 7 1 2 3 7 8 11 23 26 64 94 10 12 5 6 2 3 7 4 6 6 6 12 4 6 6 5 5 6 5 8 6 3 1
375 5 4 3 2 1 2 2 1 1 2 3 4 5 12 4 13 10 2 7 8 35 10 11 48 1 73 6 1 5 3 2 4 4 3 32 14 43 3 2 1 1 7 2 9 3 11 8 4 32 8 8 6 7 7 5 6 4 6 3 16 135 8 1 3 6 7 8 9 10 37 29 9 11 4 5 1 2 6 3 5 5 5 4 7 3 5 5 4 4 5 4 7 5 2 1
13 7 6 5 4 3 2 1 1 1 1 2 3 4 1 13 5 14 11 3 8 9 46 12 49 2 80 1 2 6 4 3 5 5 4 33 15 47 3 2 1 1 2 8 3 10 4 12 9 37 9 9 7 8 8 6 7 11 4 17 136 9 1 1 2 3 4 5 6 26 28 8 5 5 3 4 1 5 2 4 4 4 3 3 3 2 4 4 3 3 4 3 6 4 1 2
7 6 5 4 3 2 1 1 1 1 1 1 1 1 5 2 14 6 15 12 4 9 56 13 50 3 81 2 3 7 8 6 6 1 5 34 63 4 3 2 1 2 1 3 9 4 11 5 18 10 47 10 8 9 9 7 8 16 18 137 10 3 1 1 3 4 5 14 19 6 21 7 4 4 2 3 4 1 3 3 3 2 2 2 1 1 2 3 2 2 3 2 5 3 1 2
8 7 6 5 4 3 2 1 1 2 2 2 2 2 2 6 3 15 22 1 13 14 57 14 51 4 82 3 11 1 15 7 2 1 40 64 5 4 3 2 1 3 1 2 4 10 5 12 13 32 11 48 11 18 10 8 9 35 138 17 6 2 1 1 3 5 8 4 5 9 11 6 3 3 1 2 3 2 2 2 1 1 1 1 1 1 1 1 1 1 2 1 4 2 1 3
20 19 14 10 7 4 2 1 1 2 3 3 3 3 3 3 7 4 38 2 14 15 58 15 52 5 83 15 2 16 8 3 2 41 65 6 5 8 4 1 2 1 4 2 3 5 11 6 1 2 35 12 49 12 19 19 45 139 24 6 5 4 1 2 1 2 3 4 4 4 10 5 2 2 1 2 1 1 1 1 1 2 3 1 2 2 1 1 1 1 1 1 2 1 2 3
9 4 4 3 2 2 1 1 1 2 3 4 4 4 4 4 4 12 39 3 15 16 59 16 53 6 84 18 17 9 4 3 42 66 25 18 12 3 2 1 1 3 2 5 3 4 6 12 7 8 9 45 13 50 13 39 185 32 7 6 5 1 2 1 1 2 3 3 3 3 6 4 1 1 1 1 1 1 2 3 5 1 1 4 2 5 2 3 2 1 1 1 1 1 2 2
5 4 3 3 2 1 1 1 2 2 3 4 5 5 5 5 5 17 40 4 16 17 60 17 54 7 103 18 10 5 4 141 98 31 5 4 3 2 1 1 1 2 4 3 6 4 5 7 13 14 15 16 62 76 51 104 222 4 3 2 1 3 2 1 1 2 2 2 2 2 3 2 1 1 2 3 2 2 3 1 1 6 2 2 5 8 3 6 2 2 2 1 1 1 1 2
4 4 3 2 2 1 1 1 2 3 3 4 5 6 6 6 11 18 41 5 34 1 61 18 55 8 122 11 162 156 151 9 8 7 6 4 2 1 1 1 2 2 3 5 4 7 10 8 1 1 2 3 4 5 82 187 236 6 5 4 3 2 1 1 1 1 1 1 1 1 1 1 1 2 3 4 8 11 1 5 2 2 7 3 3 14 4 7 5 3 2 2 2 1 1 1
4 3 3 2 1 1 1 2 2 3 4 4 5 6 7 7 18 19 42 40 2 1 62 1 74 313 182 170 7 6 5 4 3 2 1 1 1 1 2 1 2 3 6 1 6 12 11 9 1 2 1 2 3 4 5 429 7 6 5 4 3 2 1 1 1 1 1 1 1 1 1 1 1 1 1 1 1 1 13 14 20 23 26 34 4 4 19 8 9 3 3 3 3 2 1 1
4 3 2 2 1 1 2 2 3 3 4 5 5 6 7 8 26 20 83 3 2 1 63 2 431 43 38 33 28 23 19 5 4 3 2 1 1 2 1 3 2 3 4 7 2 19 12 11 1 1 3 1 2 3 4 442 8 7 6 5 4 3 2 1 1 2 2 2 2 2 2 2 2 2 2 2 2 2 3 4 5 6 7 8 43 48 24 18 4 17 13 9 5 4 3 2
2 3 2 1 1 1 2 5 3 4 4 5 6 6 7 16 27 21 84 6 2 64 3 438 6 5 4 4 4 4 3 13 8 3 2 1 2 3 1 2 4 7 11 5 8 22 24 2 1 1 2 4 1 1 1 443 6 5 4 3 2 1 1 1 2 2 3 3 5 3 3 3 3 3 1 3 3 3 4 5 6 7 8 9 10 11 60 132 25 7 6 5 4 3 2 1
1 1 2 1 1 2 3 4 6 4 5 5 6 7 7 24 28 22 85 9 525 460 456 17 13 4 4 3 3 3 3 2 4 4 2 1 1 3 4 2 5 6 7 19 25 56 86 3 1 1 2 3 5 2 2 451 1 3 2 1 1 1 2 2 1 3 3 4 4 9 4 4 4 1 4 2 4 4 1 1 1 1 2 3 4 5 1 133 1 1 1 6 5 4 3 2
3 2 1 1 1 2 3 1 5 7 5 6 6 7 8 32 29 23 95 537 11 10 9 8 3 8 3 3 2 2 2 2 1 3 1 1 2 2 4 5 1 2 3 4 5 6 94 1 1 1 2 3 4 8 3 453 4 1 1 2 2 1 3 3 1 2 4 4 5 14 5 5 5 2 1 5 3 5 5 2 2 2 1 1 1 1 6 136 2 2 7 1 2 1 1 1
4 3 2 1 1 1 1 4 2 6 8 6 7 7 8 41 30 24 655 22 18 12 7 3 7 2 7 2 2 1 1 1 1 1 1 1 1 4 3 8 14 15 16 20 23 26 27 95 2 2 3 1 4 13 1 457 11 5 3 3 1 2 4 4 1 2 3 9 1 6 20 6 6 3 1 2 6 4 6 6 3 3 3 2 2 2 8 137 5 8 2 3 1 2 2 2
4 3 2 1 1 2 2 2 5 3 7 9 7 8 16 72 25 662 6 3 3 5 4 3 2 6 1 6 1 1 1 1 1 1 1 1 2 1 5 1 1 1 3 2 2 3 6 34 96 5 4 2 5 14 2 477 8 7 6 2 1 3 5 5 2 1 6 1 10 2 27 7 7 4 1 2 3 7 5 7 7 4 4 4 3 3 11 143 9 3 4 5 3 3 3 3
3 2 1 1 1 2 3 3 3 6 4 8 10 8 25 98 666 3 2 2 2 2 4 3 2 1 5 4 1 1 1 3 2 3 1 1 2 3 2 8 1 1 1 1 2 2 3 4 39 97 10 3 6 17 478 1 2 1 1 1 2 4 6 6 3 2 7 2 11 3 28 8 8 5 2 1 3 4 8 6 8 8 5 5 5 4 15 153 4 5 6 5 4 4 4 3
2 1 1 1 2 2 3 4 4 8 15 5 9 19 124 670 3 2 1 1 1 1 1 3 2 1 4 3 1 3 8 13 21 2 1 1 2 3 6 10 1 1 1 1 1 2 2 3 4 44 142 14 7 496 2 3 1 2 1 2 3 5 7 7 4 3 8 3 12 4 29 9 9 1 8 1 5 1 5 9 7 9 9 6 6 6 20 158 6 7 6 1 5 5 4 4
3 2 1 1 2 3 3 4 9 10 11 27 6 29 795 1 3 2 1 5 4 3 2 1 2 1 3 2 1 3 1 2 3 22 2 2 1 3 10 12 2 2 1 1 1 1 1 2 3 4 5 148 22 499 4 2 3 1 2 3 4 6 8 8 5 4 9 4 13 5 1 30 10 10 2 9 7 1 2 6 10 8 10 10 7 7 27 165 8 7 2 6 6 5 5 4
1 1 2 1 2 3 4 4 1 1 2 1 28 36 797 4 1 14 13 7 6 5 4 3 2 1 2 1 2 2 3 16 17 4 25 3 2 4 11 13 5 2 1 2 1 1 1 1 1 2 1 1 171 504 3 4 1 2 3 4 5 7 9 9 6 5 10 5 14 1 6 2 31 11 11 3 10 9 3 1 7 11 9 11 11 8 35 174 8 3 7 7 6 6 5 4
2 1 1 3 2 3 4 5 10 12 13 3 2 65 802 2 15 1 10 9 8 7 6 4 2 1 1 1 1 1 12 5 10 28 5 29 3 5 12 19 3 2 1 3 2 1 2 2 2 1 3 2 173 508 5 2 1 3 4 5 6 8 10 10 7 6 11 6 15 2 1 7 3 32 12 12 4 11 13 1 9 1 12 10 12 12 44 183 4 8 8 7 7 6 5 3
2 1 1 2 4 3 4 9 10 11 12 26 4 68 805 16 2 16 5 4 3 2 1 1 1 1 1 2 3 10 4 4 1 2 31 6 33 6 13 23 3 2 1 4 3 1 2 3 3 3 2 6 682 6 5 2 1 1 4 10 7 9 11 11 8 7 12 7 16 3 1 2 8 4 33 13 13 5 12 14 2 10 2 13 11 25 45 188 9 9 8 8 7 6 4 5
1 1 2 2 3 5 4 5 6 7 8 9 36 73 822 3 23 6 5 4 3 2 1 3 2 1 1 4 6 3 3 1 2 3 4 36 7 40 14 27 3 2 1 5 1 4 2 3 4 4 6 7 689 9 3 2 1 1 2 5 18 10 12 12 9 8 13 8 17 1 4 2 3 9 5 34 14 14 6 13 15 3 13 1 14 37 46 189 19 9 9 8 7 5 6 4
1 2 1 3 3 4 6 1 2 3 4 5 6 43 899 37 13 12 11 10 9 8 7 3 2 1 2 1 2 2 1 2 3 4 5 6 43 8 55 28 6 1 2 6 2 1 5 3 4 9 7 697 14 4 3 2 1 1 2 3 24 11 13 13 10 9 14 9 18 1 2 5 3 4 10 6 35 15 15 7 14 16 4 14 2 15 84 190 20 10 18 8 6 7 5 4
1 1 4 1 4 4 5 7 1 1 2 3 4 1 980 11 10 9 8 7 6 5 4 3 2 1 1 1 1 2 4 7 8 9 10 11 12 56 64 29 7 2 3 7 3 2 1 6 8 10 705 19 4 3 2 1 1 2 2 3 4 36 14 14 11 10 15 10 1 19 2 3 6 4 5 11 7 36 16 16 8 15 17 5 15 3 100 191 21 11 27 7 8 6 5 10
1 2 5 1 2 5 5 6 8 2 1 1 1 5 993 11 10 9 8 7 6 5 4 3 2 1 1 1 1 1 2 2 4 5 6 7 8 9 57 94 8 3 4 8 4 3 2 7 9 716 26 6 5 4 2 1 1 2 3 3 4 41 15 15 12 11 16 11 1 2 20 3 4 7 5 6 12 8 37 17 17 9 16 18 6 16 4 292 22 12 35 9 7 6 11 5
1 3 1 6 2 3 6 6 7 9 3 2 2 7 1005 11 10 9 8 7 6 5 4 3 2 1 2 5 1 1 1 1 1 2 3 4 5 6 16 58 103 4 5 9 5 4 3 8 726 27 4 3 2 1 1 1 1 2 3 4 4 5 57 16 13 12 17 12 1 4 1 21 4 5 8 6 7 13 9 38 18 18 10 17 19 7 17 5 315 13 45 8 7 12 6 45
2 4 2 1 7 3 4 7 7 8 10 4 3 10 1028 11 10 9 8 7 6 5 4 3 2 1 10 4 2 1 1 1 2 3 4 5 6 7 8 25 59 104 5 15 6 5 4 735 28 5 3 2 1 1 1 1 2 2 3 4 5 5 63 17 14 13 18 13 2 1 5 2 22 5 6 9 7 8 14 10 39 19 29 1 18 20 8 18 321 14 54 8 13 7 50 4
3 5 3 1 2 8 4 5 8 8 9 11 8 1039 22 21 20 19 18 17 16 15 14 13 12 11 1 1 1 1 3 2 3 4 5 25 28 31 32 33 59 119 105 6 22 6 5 764 6 4 2 1 2 1 1 2 2 3 3 4 5 6 6 81 15 14 19 14 3 1 2 6 3 23 6 7 10 8 9 15 11 40 49 2 19 21 1 9 19 336 63 14 62 54 3 2
4 1 6 4 2 3 9 5 6 9 9 21 9 1062 13 12 11 10 9 8 7 6 5 4 3 2 1 1 1 2 4 10 13 16 19 2 2 5 8 11 12 13 133 106 29 7 770 7 5 3 1 3 2 1 2 3 1 3 4 4 5 6 7 88 16 15 20 15 4 1 2 3 7 4 24 7 8 11 9 10 16 12 41 52 20 22 2 1 10 356 78 63 4 3 2 1
1 5 2 7 5 3 4 10 6 7 10 31 1072 46 32 31 30 29 28 27 26 25 24 8 7 6 4 2 1 1 2 2 2 2 1 1 4 2 2 2 3 4 5 139 107 37 778 6 4 2 4 3 1 2 3 4 2 4 1 5 5 6 7 96 17 16 21 16 5 1 2 3 4 8 5 25 8 9 12 10 11 17 13 94 21 23 3 2 1 367 142 8 3 2 1 3
1 3 6 3 8 6 4 5 11 7 8 42 1119 1 9 8 7 6 5 4 3 2 1 15 14 13 5 2 1 1 1 1 1 1 2 3 1 1 1 1 2 3 4 5 145 145 785 8 3 5 4 2 1 3 4 5 3 5 2 1 6 6 7 8 97 34 22 17 6 1 2 3 4 5 9 6 26 9 10 13 11 12 18 108 22 24 4 3 2 510 9 15 14 13 12 8
1 1 4 7 4 9 7 5 6 12 16 1162 2 24 14 13 12 11 10 9 8 7 6 5 4 2 7 2 1 1 1 1 1 2 3 4 5 6 7 8 9 10 11 12 13 304 801 7 6 5 3 2 1 4 5 6 4 6 3 1 2 7 7 8 9 98 57 18 7 1 2 3 4 5 6 10 7 27 10 11 14 12 13 127 23 25 5 4 513 10 16 1 12 11 10 9
1 2 2 5 8 5 10 8 6 7 29 1165 25 13 12 11 10 9 8 7 6 5 4 3 2 1 1 6 1 2 1 2 2 1 2 3 4 5 6 7 8 9 10 11 12 13 1106 1 6 4 3 2 1 5 6 7 5 7 4 2 1 3 8 8 9 10 156 19 8 2 1 3 4 5 6 7 11 8 28 11 12 15 13 14 151 26 6 5 514 27 2 13 1 1 4 3
2 2 3 3 6 9 6 11 9 14 30 1191 14 12 11 10 9 8 7 6 5 4 3 2 1 1 1 4 1 3 3 2 3 3 1 1 2 3 4 5 6 7 8 9 10 11 1121 7 5 4 3 2 1 6 7 8 6 8 5 3 1 2 4 9 9 10 167 20 9 3 1 2 4 5 6 7 8 12 9 29 12 13 16 14 166 27 7 6 515 30 14 2 2 5 1 2
2 3 3 4 4 7 10 7 21 15 1222 15 26 13 12 11 10 9 8 7 6 5 4 3 2 1 2 1 2 3 7 11 3 4 4 2 1 1 2 3 4 5 6 7 8 1 1133 13 5 4 3 2 7 1 8 9 7 9 6 4 1 2 3 5 10 10 11 188 10 4 1 2 3 5 6 7 8 17 30 40 30 13 14 17 181 28 8 7 516 45 3 9 6 2 3 2
3 3 4 4 5 5 8 11 29 16 1238 41 14 13 12 11 10 9 8 7 6 5 4 3 2 1 1 1 1 2 3 4 12 4 5 5 3 2 1 1 2 3 4 5 6 9 1135 19 5 4 3 8 2 1 9 10 8 10 7 1 5 2 3 4 6 11 11 200 11 5 2 1 3 4 6 7 8 9 10 11 52 83 97 15 214 243 9 8 517 60 11 1 3 4 3 1
3 4 4 5 5 6 6 9 41 1255 42 14 13 12 11 10 9 8 7 6 5 4 3 2 1 1 1 1 1 1 1 1 5 13 5 6 6 4 3 2 1 1 1 2 3 7 1145 25 5 4 9 3 2 10 11 1 1 19 1 8 2 6 3 4 5 7 12 212 12 6 3 2 1 4 5 12 20 21 22 23 24 25 26 124 125 1 253 9 578 15 14 13 9 4 2 1
3 4 5 5 6 6 7 7 51 1298 15 8 7 6 5 4 3 2 1 1 2 1 1 1 2 1 2 1 2 2 2 2 2 6 14 6 7 7 5 4 3 2 2 1 2 4 1153 31 5 10 32 28 25 14 2 1 2 1 20 10 1 3 7 4 5 11 19 13 225 7 4 3 2 1 5 1 1 1 2 3 4 5 6 7 8 135 1 858 16 1 14 5 4 3 2 1
1 4 5 6 6 7 7 15 52 1314 9 4 3 2 1 1 1 1 2 3 1 2 2 3 2 1 3 1 2 3 3 3 3 3 7 15 7 8 8 6 5 4 3 3 1 3 1158 37 52 41 8 7 6 4 2 1 3 1 2 31 1 2 4 8 13 14 15 35 49 233 5 4 3 1 2 6 2 2 1 1 2 3 4 8 9 1 137 859 17 15 8 7 6 5 2 1
1 2 5 6 7 7 8 23 1367 10 5 1 1 1 2 2 2 3 4 2 3 3 4 3 1 2 1 4 2 3 4 4 4 4 4 8 16 8 9 9 7 6 5 4 4 5 1196 63 10 9 8 5 2 1 1 1 2 4 2 34 1 2 3 5 6 7 10 11 12 62 234 10 4 2 1 9 1 3 3 2 1 2 3 2 4 14 1 1016 1 23 17 3 2 1 1 2
2 1 3 6 7 8 16 24 1378 6 2 2 2 6 3 3 4 5 3 4 4 5 4 2 1 3 1 2 7 1 4 5 5 5 5 5 9 17 9 10 10 8 7 6 9 1202 64 4 3 2 1 2 2 1 1 2 2 3 5 3 35 2 3 4 1 2 1 2 3 7 70 305 15 1 3 11 2 4 4 1 3 1 1 1 1 2 17 1017 25 3 2 13 9 5 2 3
1 3 2 4 7 8 25 25 1385 3 3 3 7 5 4 5 6 4 5 5 6 5 3 1 2 4 1 4 8 2 5 6 6 6 6 6 10 1 18 10 11 11 9 8 16 1277 10 5 4 3 2 1 1 1 1 2 5 8 4 6 4 38 1 4 5 1 1 2 3 1 2 3 309 16 2 4 14 5 5 2 1 4 2 1 1 1 1 1060 1 1 2 1 3 3 2 1
1 2 4 3 5 8 34 26 1389 4 4 8 6 1 6 7 5 6 6 7 6 4 2 1 3 5 2 5 9 3 6 7 7 7 7 7 11 2 1 19 11 12 12 10 1302 8 7 6 5 4 3 2 1 1 1 1 1 1 9 5 7 43 1 6 1 6 2 3 5 26 27 28 29 339 17 3 5 20 6 3 2 1 5 3 2 2 1063 2 4 3 2 1 2 2 1 1
2 1 3 5 4 6 43 27 1394 5 9 7 2 7 8 6 7 7 8 7 5 3 2 1 4 6 3 6 10 1 10 8 8 8 8 8 12 3 2 1 20 12 25 11 1311 8 7 6 5 4 3 2 1 1 2 2 2 2 2 10 6 51 2 1 8 1 7 1 20 2 3 4 5 6 340 18 9 21 7 4 3 2 1 6 4 3 1068 8 3 2 1 1 1 1 1 1
3 2 1 4 6 5 50 1422 6 10 8 3 8 9 7 8 8 9 8 1 6 6 2 1 5 7 4 7 1 11 2 19 9 9 9 9 13 4 3 1 2 33 26 1323 16 7 6 5 4 3 2 1 1 1 2 3 3 3 3 3 17 1 54 1 2 9 18 19 1 1 2 3 4 5 7 341 28 22 8 5 4 3 2 1 7 8 1082 5 4 3 2 1 1 1 1 2
4 3 2 1 5 7 56 1429 11 9 4 9 10 8 9 9 10 9 1 2 7 7 4 1 6 8 5 8 1 2 12 22 10 10 10 10 14 5 4 1 2 36 1350 26 9 8 7 6 5 4 3 2 1 1 2 3 4 4 8 4 4 23 56 1 1 3 1 1 1 1 2 3 4 5 11 19 342 51 9 6 1 8 3 2 8 1091 5 4 3 2 1 1 2 1 2 2
5 4 3 1 2 6 64 1441 10 5 10 11 9 10 10 11 10 1 2 3 8 8 6 1 7 9 6 9 1 2 3 13 33 11 11 11 15 6 5 2 3 1387 50 23 22 21 5 4 3 2 1 2 1 1 2 3 4 5 6 15 20 21 24 57 3 4 2 1 2 2 1 2 3 4 5 6 26 343 52 16 2 9 4 3 1100 6 1 3 2 1 1 1 2 3 2 3
6 5 4 1 4 1 71 1452 6 11 12 10 11 11 12 11 1 2 3 4 9 15 2 8 1 10 7 10 1 2 3 4 47 12 12 12 16 7 6 3 1391 71 20 19 10 6 15 6 5 4 3 1 2 1 2 3 4 9 1 1 1 1 22 25 58 8 3 2 3 1 3 4 5 6 7 8 9 36 380 53 19 10 5 4 1107 2 6 2 1 2 1 1 2 3 4 3
7 6 5 2 5 2 72 1459 12 13 11 12 12 13 12 1 2 3 4 5 25 3 9 2 1 11 8 11 1 2 3 4 52 13 13 13 17 14 4 1472 80 8 7 4 8 3 5 8 6 4 2 1 1 4 1 3 4 1 10 2 2 2 24 1 84 9 4 6 1 1 2 3 8 11 16 20 25 26 27 408 462 30 6 1112 3 7 1 1 3 1 1 2 2 3 4 5
8 7 6 3 6 3 73 1472 14 12 13 13 14 13 2 1 3 4 5 6 29 10 3 2 1 12 9 12 1 2 3 4 57 14 14 14 32 1484 1479 6 5 4 2 2 3 7 2 4 1 1 1 2 2 1 5 2 4 5 2 11 3 3 27 2 85 10 5 8 1 2 1 4 2 4 3 4 5 11 16 21 25 488 525 1116 8 2 2 4 2 1 1 2 3 3 4 5
9 8 7 4 7 4 74 1487 41 28 14 15 14 3 1 2 4 5 6 7 40 4 3 2 1 13 10 1 13 2 3 8 58 15 15 47 1490 5 4 3 2 1 1 1 1 2 6 1 3 1 1 2 5 3 2 6 3 5 6 3 12 7 28 3 86 11 14 2 3 1 2 1 3 2 3 4 5 4 4 3 3 4 5 1650 3 3 5 3 2 1 1 2 3 4 4 5
10 9 8 5 8 5 1562 60 18 17 16 15 4 2 1 3 5 6 7 48 5 4 3 2 1 14 11 1 2 14 3 12 59 31 48 1503 12 11 10 9 8 7 6 5 4 3 1 5 3 1 1 2 3 9 13 16 23 27 33 40 44 13 8 29 90 12 17 4 3 1 1 2 1 2 3 4 3 3 2 2 1 2 3 1659 4 6 4 3 2 1 1 2 3 4 5 5
11 10 9 6 9 1568 61 1 1 1 16 5 3 1 2 4 6 7 8 54 5 4 3 2 1 15 12 1 2 3 15 16 91 49 1504 11 10 9 8 7 6 5 4 3 2 1 2 1 1 2 1 1 2 3 4 5 6 33 34 35 36 81 14 9 120 13 33 11 7 6 2 1 1 2 3 2 2 1 1 1 2 3 4 1663 11 5 4 3 1 1 2 2 3 4 5 6
12 11 10 7 1578 62 2 2 2 17 6 4 1 2 3 5 7 8 63 6 5 4 3 2 1 16 13 1 2 3 4 32 141 1505 29 17 16 15 14 13 12 11 10 9 8 7 5 2 1 1 1 2 3 4 16 23 26 1 2 3 4 5 82 15 130 59 6 5 4 3 3 1 1 2 1 1 1 2 3 4 5 6 7 1668 17 5 4 1 2 1 2 3 3 4 5 6
13 12 11 8 1641 3 3 3 18 7 5 1 2 3 4 6 8 9 70 6 5 4 3 2 1 17 14 1 2 3 4 37 1647 30 1 11 10 9 8 7 6 5 4 3 2 1 1 2 1 1 2 4 10 11 6 2 1 2 3 4 1 1 6 98 190 1 6 5 4 3 2 2 1 1 2 1 1 2 3 4 5 6 7 8 1686 6 5 2 3 2 1 3 4 4 5 6
